4.277328029274940491e-02
9.600409306585788727e-03
9.897421114146709442e-03
4.127035290002822876e-02
4.341920837759971619e-02
1.648690365254878998e-02
9.610446169972419739e-03
8.145169354975223541e-03
3.381013870239257812e-02
1.865149848163127899e-02
4.481200501322746277e-02
1.924914680421352386e-02
1.012269034981727600e-01
3.638778626918792725e-02
1.125162839889526367e-02
1.728796027600765228e-02
1.619291305541992188e-02
6.149075459688901901e-03
9.175472706556320190e-02
1.561166718602180481e-02
4.056631773710250854e-02
1.260961499065160751e-02
1.566938683390617371e-02
2.535353787243366241e-02
1.107703521847724915e-02
1.761639676988124847e-02
1.129460148513317108e-02
2.547576650977134705e-02
1.234122272580862045e-02
2.227882482111454010e-02
3.415478020906448364e-02
3.631007671356201172e-02
6.732005625963211060e-02
1.438543386757373810e-02
6.593488901853561401e-02
1.647780835628509521e-02
8.572228252887725830e-02
8.941483683884143829e-03
2.021648362278938293e-02
1.923223212361335754e-02
1.204082146286964417e-01
1.524055562913417816e-02
2.255609445273876190e-02
1.000498514622449875e-02
1.720637828111648560e-02
1.982299424707889557e-02
1.836845278739929199e-02
9.953811019659042358e-02
5.014894157648086548e-02
9.169072657823562622e-02
2.690432593226432800e-02
5.476426705718040466e-02
9.232149459421634674e-03
6.533990055322647095e-02
1.404092274606227875e-02
5.940684303641319275e-02
3.907468914985656738e-02
1.827341876924037933e-02
1.300848368555307388e-02
1.400308590382337570e-02
7.031150162220001221e-02
5.886754393577575684e-02
1.048372406512498856e-02
2.296224422752857208e-02
3.471406921744346619e-02
3.887059167027473450e-02
4.501756653189659119e-02
3.243014216423034668e-02
1.832401007413864136e-02
1.608000136911869049e-02
4.726805165410041809e-02
1.528848987072706223e-02
1.533232163637876511e-02
3.493528068065643311e-02
3.195827081799507141e-02
1.848281361162662506e-02
3.548154234886169434e-02
2.756113745272159576e-02
2.171563208103179932e-01
6.059070117771625519e-03
1.569932140409946442e-02
1.967637799680233002e-02
1.068762876093387604e-02
1.455285400152206421e-02
2.372052147984504700e-02
2.165492437779903412e-02
1.812728866934776306e-02
1.815745793282985687e-02
3.311708196997642517e-02
1.051739901304244995e-01
1.662544906139373779e-02
1.077461391687393188e-01
1.246548816561698914e-02
1.541690621525049210e-02
4.220340773463249207e-02
2.995138056576251984e-02
2.075468935072422028e-02
3.928133100271224976e-02
5.209255591034889221e-02
1.727800630033016205e-02
1.661034859716892242e-02
8.580812811851501465e-02
2.514213509857654572e-02
1.727162115275859833e-02
1.612473838031291962e-02
3.633577376604080200e-02
3.503652662038803101e-02
1.936742290854454041e-02
1.829888671636581421e-02
3.893350064754486084e-02
1.820100285112857819e-02
1.557703316211700439e-02
5.895752459764480591e-02
1.475889235734939575e-02
4.812563583254814148e-02
3.731907904148101807e-02
1.415121369063854218e-02
1.600007526576519012e-02
4.424606263637542725e-02
2.639217860996723175e-02
2.672970853745937347e-02
5.271448567509651184e-02
5.951943993568420410e-02
1.760747469961643219e-02
2.876720763742923737e-02
1.153324544429779053e-01
2.448025345802307129e-02
1.688654161989688873e-02
9.834467619657516479e-02
2.650980651378631592e-02
4.774637892842292786e-02
1.415506601333618164e-01
2.171107083559036255e-01
1.472479570657014847e-02
2.200432308018207550e-02
6.146068125963211060e-02
7.883036509156227112e-03
2.083143591880798340e-02
2.977916598320007324e-02
2.736909687519073486e-02
3.813487663865089417e-02
7.221763581037521362e-02
9.754527360200881958e-03
1.206340640783309937e-02
8.847126737236976624e-03
3.918444737792015076e-02
8.044422417879104614e-02
3.574578091502189636e-02
3.015857003629207611e-02
6.742838770151138306e-02
1.840922236442565918e-02
1.515945419669151306e-02
5.288188531994819641e-02
9.350349009037017822e-02
1.692073419690132141e-02
2.263406291604042053e-02
1.560319308191537857e-02
4.342983663082122803e-02
1.777870394289493561e-02
6.123303622007369995e-02
1.202224195003509521e-01
3.996458277106285095e-02
8.795003592967987061e-02
2.937513031065464020e-02
4.562231153249740601e-02
1.356316208839416504e-01
1.203704439103603363e-02
1.671796143054962158e-01
5.889597535133361816e-02
6.220179051160812378e-02
1.611887477338314056e-02
1.782166212797164917e-02
5.608407035470008850e-02
6.381354760378599167e-03
9.478330612182617188e-02
1.936307176947593689e-02
9.617784991860389709e-03
8.593431673943996429e-03
1.333904732018709183e-02
2.504930086433887482e-02
2.242060005664825439e-02
4.254323244094848633e-02
3.391856700181961060e-02
8.190092444419860840e-02
1.627882570028305054e-02
4.850085452198982239e-02
5.795802548527717590e-02
2.513932995498180389e-02
3.590855980291962624e-03
5.496230721473693848e-02
1.552985701709985733e-02
3.623080998659133911e-02
1.730193011462688446e-02
5.662678554654121399e-02
1.411353796720504761e-02
1.383961141109466553e-01
2.344094216823577881e-02
8.489999920129776001e-02
4.881229251623153687e-02
6.804448366165161133e-02
3.492261841893196106e-02
2.964217588305473328e-02
3.160141408443450928e-02
3.429830446839332581e-02
5.359192565083503723e-02
6.176893785595893860e-02
4.325331375002861023e-02
5.052154883742332458e-02
7.759611308574676514e-02
1.749549806118011475e-01
5.854770168662071228e-02
1.781401969492435455e-02
1.951456419192254543e-03
3.921604156494140625e-02
5.426217243075370789e-02
3.697738796472549438e-02
1.403999477624893188e-01
4.402229934930801392e-02
1.366685424000024796e-02
7.744111120700836182e-02
1.479196269065141678e-02
9.312923066318035126e-03
5.010800436139106750e-02
1.486475858837366104e-02
1.048232614994049072e-02
4.454575479030609131e-02
4.745638370513916016e-02
1.367269363254308701e-02
3.288741409778594971e-02
1.711333543062210083e-02
1.412568893283605576e-02
1.211204230785369873e-01
1.793822459876537323e-02
4.213770106434822083e-02
1.977376826107501984e-02
1.415078621357679367e-02
4.625483229756355286e-02
8.131869137287139893e-02
3.515058159828186035e-01
5.909808352589607239e-02
6.277032196521759033e-02
1.643340662121772766e-02
4.860281944274902344e-02
8.551383018493652344e-02
8.283732086420059204e-02
1.556212902069091797e-01
5.831916257739067078e-02
3.203751519322395325e-02
8.540346473455429077e-02
1.506273634731769562e-02
6.783105432987213135e-02
1.290544308722019196e-02
4.098743945360183716e-02
1.220339443534612656e-02
1.571444422006607056e-02
4.966970905661582947e-02
1.817048341035842896e-02
7.816410809755325317e-02
1.834968291223049164e-02
1.503267139196395874e-01
3.329541906714439392e-02
2.046797722578048706e-01
2.053707093000411987e-02
1.669433712959289551e-01
1.697965338826179504e-02
3.462316840887069702e-02
1.838506013154983521e-02
1.609565690159797668e-02
2.491959556937217712e-02
4.047470539808273315e-02
1.994658075273036957e-02
3.723383694887161255e-02
1.455186400562524796e-02
1.975244656205177307e-02
6.162950303405523300e-03
4.294555261731147766e-02
4.391138628125190735e-02
2.119204960763454437e-02
6.987172365188598633e-02
3.688120841979980469e-02
4.727676883339881897e-02
9.776304662227630615e-02
4.539886116981506348e-02
3.223484382033348083e-02
1.479167584329843521e-02
2.794962003827095032e-02
1.117712408304214478e-01
1.602758094668388367e-02
3.932278230786323547e-02
1.074920129030942917e-02
1.470993831753730774e-02
5.229980871081352234e-02
5.708986520767211914e-02
3.776964917778968811e-02
1.992729306221008301e-02
5.440184101462364197e-02
1.128763612359762192e-02
1.574852317571640015e-02
1.266347337514162064e-02
2.292006462812423706e-02
1.368937361985445023e-02
5.254932120442390442e-02
2.024042606353759766e-02
3.999030590057373047e-02
1.086523197591304779e-02
3.723886981606483459e-02
9.317748248577117920e-02
1.001845486462116241e-02
3.372032195329666138e-02
1.166071835905313492e-02
1.276568137109279633e-02
4.085591062903404236e-02
5.271300673484802246e-02
3.647451475262641907e-02
5.414419248700141907e-02
4.505572095513343811e-02
8.765760064125061035e-02
9.516196697950363159e-02
7.717591710388660431e-03
7.086783647537231445e-02
4.387402534484863281e-02
4.585339128971099854e-02
3.012777492403984070e-02
3.678730875253677368e-02
4.671063646674156189e-02
9.441960602998733521e-02
8.415410295128822327e-03
1.106493826955556870e-02
1.311122160404920578e-02
1.633158326148986816e-02
8.729334175586700439e-02
7.052754610776901245e-02
4.626589268445968628e-02
1.118747964501380920e-01
1.643713191151618958e-02
9.009135514497756958e-02
5.742768198251724243e-02
5.675137415528297424e-02
1.777292788028717041e-01
1.556068658828735352e-01
1.932818591594696045e-01
2.324282191693782806e-02
1.304883323609828949e-02
3.530004248023033142e-02
6.839819997549057007e-02
7.803338766098022461e-02
1.802005618810653687e-02
2.524592541158199310e-02
8.690521866083145142e-02
8.504286408424377441e-02
2.782230637967586517e-02
1.873725466430187225e-02
1.934347674250602722e-02
1.738413237035274506e-02
1.532832439988851547e-02
7.027359306812286377e-02
2.460842765867710114e-02
7.806480862200260162e-03
1.500413566827774048e-02
4.806859046220779419e-02
6.060177460312843323e-02
1.859391666948795319e-02
2.940417826175689697e-02
2.865169011056423187e-02
1.756274141371250153e-02
2.502162009477615356e-02
4.846546426415443420e-02
1.336568687111139297e-02
2.954327873885631561e-02
1.141492798924446106e-01
2.913186699151992798e-02
3.472891077399253845e-02
1.034013461321592331e-02
2.163209021091461182e-02
1.595455780625343323e-02
8.775807917118072510e-02
6.014182046055793762e-02
2.450838983058929443e-01
7.880593091249465942e-02
6.747248023748397827e-02
8.662574924528598785e-03
1.647007279098033905e-02
1.621299795806407928e-02
1.821017265319824219e-02
5.661309882998466492e-02
1.804785430431365967e-02
6.729321181774139404e-02
4.586110636591911316e-02
8.898168802261352539e-03
4.022290185093879700e-02
2.881452627480030060e-02
8.420725353062152863e-03
1.815162412822246552e-02
9.474734216928482056e-02
9.170071780681610107e-02
7.548211514949798584e-02
2.479267865419387817e-02
1.710475794970989227e-02
2.582507766783237457e-02
1.476348284631967545e-02
5.444977805018424988e-02
1.168150305747985840e-01
3.480429947376251221e-02
2.108485996723175049e-01
6.076205521821975708e-02
3.638026118278503418e-02
5.757561698555946350e-02
1.706469058990478516e-02
1.155711859464645386e-01
3.178207203745841980e-02
8.005599491298198700e-03
1.467534806579351425e-02
1.143504828214645386e-01
1.316559035331010818e-02
1.140005663037300110e-01
9.890357404947280884e-02
1.217920891940593719e-02
6.394214183092117310e-02
5.960195139050483704e-02
5.988334491848945618e-02
6.984549015760421753e-02
1.576920598745346069e-02
7.388561218976974487e-02
1.929508149623870850e-02
3.187651187181472778e-02
6.468269508332014084e-03
8.674018830060958862e-02
1.755316369235515594e-02
3.741877526044845581e-02
4.394820332527160645e-02
7.892948389053344727e-02
1.013658344745635986e-01
4.216489195823669434e-02
2.970785833895206451e-02
6.916685402393341064e-02
1.577690690755844116e-01
1.546968147158622742e-02
2.330304495990276337e-02
1.668345369398593903e-02
1.547114830464124680e-02
4.882416501641273499e-02
1.760772429406642914e-02
5.462406948208808899e-02
8.619859069585800171e-02
8.919923566281795502e-03
7.918164134025573730e-03
7.793395780026912689e-03
2.018071860074996948e-01
4.297823831439018250e-02
1.338143274188041687e-02
9.177632629871368408e-02
1.714612729847431183e-02
2.822159826755523682e-01
2.249941080808639526e-01
1.701026782393455505e-02
5.376258492469787598e-02
4.126748442649841309e-02
1.124199293553829193e-02
3.788138180971145630e-02
1.708440668880939484e-02
8.748975396156311035e-02
1.867209188640117645e-02
4.332619905471801758e-02
1.705210283398628235e-02
1.758746989071369171e-02
5.766388773918151855e-02
5.216268450021743774e-02
1.703117229044437408e-02
1.896163634955883026e-02
2.383443415164947510e-01
3.985645249485969543e-02
7.710536569356918335e-02
6.694212555885314941e-02
1.664951629936695099e-02
7.208024710416793823e-02
6.629837304353713989e-02
1.559560094028711319e-02
1.321782544255256653e-02
7.336943596601486206e-02
1.873988658189773560e-02
3.206114098429679871e-02
1.347791869193315506e-02
1.836179010570049286e-02
6.598851084709167480e-02
6.571034342050552368e-02
1.506422180682420731e-02
1.890131831169128418e-02
5.874452367424964905e-02
8.835464715957641602e-02
1.598024554550647736e-02
2.632017061114311218e-02
8.529175817966461182e-02
5.476326867938041687e-02
1.606005989015102386e-02
6.378409266471862793e-02
6.494434177875518799e-02
2.561246752738952637e-01
1.965766958892345428e-02
1.190067976713180542e-01
1.900969445705413818e-02
6.427519023418426514e-02
5.869569256901741028e-02
1.055500283837318420e-01
1.696935482323169708e-02
6.234870478510856628e-02
2.912557721138000488e-01
1.917628943920135498e-02
4.324567690491676331e-02
1.984295062720775604e-02
4.388963431119918823e-02
1.012367159128189087e-01
1.678211539983749390e-01
3.336351364850997925e-02
5.610796436667442322e-02
5.864671617746353149e-02
1.693864166736602783e-02
1.506748516112565994e-02
3.949155285954475403e-02
1.759777963161468506e-02
3.626323118805885315e-02
1.664868891239166260e-01
7.994122803211212158e-02
6.030464172363281250e-02
4.804721847176551819e-02
2.168216705322265625e-01
3.317860513925552368e-02
7.994220405817031860e-02
9.032554179430007935e-02
1.745178550481796265e-02
2.075221389532089233e-02
6.841421127319335938e-02
1.575215347111225128e-02
4.472470283508300781e-02
9.144018590450286865e-02
6.210036948323249817e-02
1.154214814305305481e-01
2.850576676428318024e-02
9.803000837564468384e-02
9.062994271516799927e-02
6.602279096841812134e-02
1.113686338067054749e-01
3.638650476932525635e-02
2.545518986880779266e-02
1.423765905201435089e-02
9.523440897464752197e-02
1.425727084279060364e-02
1.570424623787403107e-02
1.695438474416732788e-02
4.282093420624732971e-02
6.245770305395126343e-02
1.698253601789474487e-01
1.318071596324443817e-02
1.756010577082633972e-02
7.849454879760742188e-02
1.771316677331924438e-01
1.117310672998428345e-01
2.115785479545593262e-01
4.496384412050247192e-02
1.829920113086700439e-01
2.319503389298915863e-02
5.474931001663208008e-02
7.242447733879089355e-01
1.391099113970994949e-02
3.019530884921550751e-02
1.762929186224937439e-02
2.199721708893775940e-02
2.664372324943542480e-01
7.916011661291122437e-02
2.096688933670520782e-02
1.524913497269153595e-02
1.810285262763500214e-02
1.131882444024085999e-01
1.287037581205368042e-01
5.037677660584449768e-02
1.255568396300077438e-02
1.171899214386940002e-01
1.414388865232467651e-01
1.075888872146606445e-01
5.196517333388328552e-02
1.468044668436050415e-01
3.652755171060562134e-02
5.574535205960273743e-02
1.902202144265174866e-02
8.033224940299987793e-02
7.849995046854019165e-02
3.239619359374046326e-02
1.845336519181728363e-02
1.387212891131639481e-02
5.505464598536491394e-02
3.266921266913414001e-02
1.914844363927841187e-01
6.895603239536285400e-02
4.315847530961036682e-02
1.957252994179725647e-02
1.147931441664695740e-01
1.806414425373077393e-01
2.224910557270050049e-01
1.890612393617630005e-02
6.477168202400207520e-02
2.720795869827270508e-01
1.292973570525646210e-02
6.816625595092773438e-02
9.291445836424827576e-03
1.946690119802951813e-02
1.082742586731910706e-01
1.899961382150650024e-02
1.812452450394630432e-02
3.697776794433593750e-02
1.184588111937046051e-02
7.083945721387863159e-02
7.355386018753051758e-02
1.812779530882835388e-02
1.325409580022096634e-02
1.162394508719444275e-01
1.011347845196723938e-01
1.927861198782920837e-02
4.997174069285392761e-02
7.505715638399124146e-02
1.609893888235092163e-02
4.547883942723274231e-02
1.067866198718547821e-02
2.115014195442199707e-01
9.981742501258850098e-02
4.789819195866584778e-02
1.548488810658454895e-02
3.456568345427513123e-02
6.180229038000106812e-02
4.313088953495025635e-02
1.232932880520820618e-02
1.241075247526168823e-02
3.616570681333541870e-02
7.874239981174468994e-02
7.790165953338146210e-03
8.054423332214355469e-02
9.256290644407272339e-02
1.004528533667325974e-02
6.284312158823013306e-02
2.329906821250915527e-02
3.568525984883308411e-02
6.051852181553840637e-02
1.921556890010833740e-02
4.730187356472015381e-02
1.602057740092277527e-02
9.905871003866195679e-03
9.494584053754806519e-03
5.507767572999000549e-02
7.910751551389694214e-02
2.228597365319728851e-02
3.021397441625595093e-02
6.204720959067344666e-02
6.387813389301300049e-02
1.191083043813705444e-01
2.034052461385726929e-01
9.612095542252063751e-03
2.257907688617706299e-01
8.074463903903961182e-02
1.787604577839374542e-02
5.613288655877113342e-02
6.927581876516342163e-02
7.296022027730941772e-02
3.649733960628509521e-02
1.098903827369213104e-02
9.493569284677505493e-02
7.148656249046325684e-02
1.506759375333786011e-01
5.143909156322479248e-02
6.039536744356155396e-02
5.937607213854789734e-02
6.057972833514213562e-02
7.572528719902038574e-02
2.505048811435699463e-01
9.936781227588653564e-02
1.027216166257858276e-01
9.805339388549327850e-03
6.530077755451202393e-02
1.167405396699905396e-01
2.216453999280929565e-01
1.832315698266029358e-02
1.460407208651304245e-02
1.219260692596435547e-02
1.061869114637374878e-01
3.952199965715408325e-02
1.693359948694705963e-02
1.516080554574728012e-02
1.493879687041044235e-02
1.133075263351202011e-02
1.867169886827468872e-01
2.073076814413070679e-01
5.593276768922805786e-02
9.673248976469039917e-03
1.963356882333755493e-02
5.806598067283630371e-02
1.632067374885082245e-02
1.290004793554544449e-02
4.118730500340461731e-02
2.478269860148429871e-02
1.263964623212814331e-01
1.645772345364093781e-02
1.697715558111667633e-02
1.651238091289997101e-02
7.292574644088745117e-02
2.173430621623992920e-01
6.788379698991775513e-02
1.250819712877273560e-01
3.298385813832283020e-02
9.855028241872787476e-03
1.095135044306516647e-02
1.090867593884468079e-01
7.086385507136583328e-03
1.366055198013782501e-02
3.714133426547050476e-02
7.473962008953094482e-02
2.099123783409595490e-02
1.937192305922508240e-02
7.267677783966064453e-02
5.047848075628280640e-02
1.478845626115798950e-02
7.456716895103454590e-02
1.628914102911949158e-02
2.105865329504013062e-01
7.241856306791305542e-02
2.597118355333805084e-02
8.860766142606735229e-02
2.036357372999191284e-01
6.517902016639709473e-02
9.609235078096389771e-02
4.259575530886650085e-02
9.891135990619659424e-02
1.138144265860319138e-02
1.838187128305435181e-01
6.284861266613006592e-02
8.898834884166717529e-02
1.971291936933994293e-02
1.982783153653144836e-02
8.570879697799682617e-03
4.182564560323953629e-03
1.883412338793277740e-02
1.827755868434906006e-01
4.533010721206665039e-02
1.577351614832878113e-02
5.132186412811279297e-02
1.841877400875091553e-02
4.956018924713134766e-02
1.339899376034736633e-02
1.021894160658121109e-02
3.329923376441001892e-02
1.455211639404296875e-01
9.770075976848602295e-02
1.860689558088779449e-02
1.337921917438507080e-01
1.771063916385173798e-02
1.287592053413391113e-01
1.685615628957748413e-02
1.668506115674972534e-02
4.486016333103179932e-01
5.142090842127799988e-02
1.370899192988872528e-02
1.055261213332414627e-02
1.264227554202079773e-02
1.783670783042907715e-01
5.548100173473358154e-02
1.925447955727577209e-02
6.137549504637718201e-02
9.205912798643112183e-02
1.069359015673398972e-02
6.774185597896575928e-02
2.739779055118560791e-01
6.950357556343078613e-02
1.565263979136943817e-02
1.970614679157733917e-02
3.944994136691093445e-02
1.270604878664016724e-01
1.980306208133697510e-02
5.735464766621589661e-02
3.275530412793159485e-02
4.447029232978820801e-01
1.436032261699438095e-02
2.008857764303684235e-02
9.046894311904907227e-02
1.991521939635276794e-02
5.196772981435060501e-03
8.728663623332977295e-02
8.985552936792373657e-02
3.451017290353775024e-02
6.052126735448837280e-02
1.132832095026969910e-01
1.257276441901922226e-02
4.912672564387321472e-02
2.332215607166290283e-01
5.702616646885871887e-02
1.612814888358116150e-02
3.670258820056915283e-02
1.901107281446456909e-02
5.695698037743568420e-02
1.637487672269344330e-02
1.176898330450057983e-01
1.017166003584861755e-01
3.685451671481132507e-02
1.865533553063869476e-02
1.587441116571426392e-01
1.511058583855628967e-02
1.605389639735221863e-02
7.943426817655563354e-02
6.226776912808418274e-02
6.696599721908569336e-02
3.845479711890220642e-02
1.765160076320171356e-02
1.806186698377132416e-02
4.432173445820808411e-02
1.701631397008895874e-02
1.843738928437232971e-02
4.955466464161872864e-02
6.432884931564331055e-02
4.688562080264091492e-02
3.029166162014007568e-02
1.041539944708347321e-02
3.135220706462860107e-02
7.823175936937332153e-02
1.391597241163253784e-01
1.544592063874006271e-02
1.967065185308456421e-01
1.021661516278982162e-02
7.779205590486526489e-02
1.605547219514846802e-02
7.455465942621231079e-02
1.635216921567916870e-01
1.309309061616659164e-02
1.898349821567535400e-02
1.789622753858566284e-02
1.506977081298828125e-01
1.968065276741981506e-02
1.861383765935897827e-02
1.107662245631217957e-01
4.464983195066452026e-02
1.188554894179105759e-02
1.792064681649208069e-02
1.377227436751127243e-02
6.320718675851821899e-02
5.077676475048065186e-02
6.292598694562911987e-02
1.758865453302860260e-02
1.454908773303031921e-02
1.426172442734241486e-02
2.088231593370437622e-01
1.001490503549575806e-01
1.008465327322483063e-02
1.988199353218078613e-02
1.691936887800693512e-02
1.493725180625915527e-02
1.757706142961978912e-02
9.812644124031066895e-02
3.035643696784973145e-01
1.837227046489715576e-01
9.317024610936641693e-03
7.005082815885543823e-02
4.825422540307044983e-02
6.198076903820037842e-02
1.852727681398391724e-02
5.153210088610649109e-02
1.040120720863342285e-01
1.549341231584548950e-01
6.527676433324813843e-02
1.921423524618148804e-02
4.446797817945480347e-02
3.939646109938621521e-02
1.263002902269363403e-01
1.785536296665668488e-02
1.411568839102983475e-02
1.731107383966445923e-02
9.217306040227413177e-03
7.534697651863098145e-02
1.412710733711719513e-02
9.522165358066558838e-02
9.988143295049667358e-02
3.999406844377517700e-02
5.382083728909492493e-02
4.584790393710136414e-02
9.789172559976577759e-02
1.766155101358890533e-02
9.594052284955978394e-02
1.282869558781385422e-02
1.628791354596614838e-02
1.069220826029777527e-01
2.155631035566329956e-02
6.555970758199691772e-02
3.651231527328491211e-02
7.342667877674102783e-02
5.219671502709388733e-02
2.894476242363452911e-02
3.436448425054550171e-02
1.753847673535346985e-02
1.546553336083889008e-02
1.878464780747890472e-02
2.715545520186424255e-02
1.683743670582771301e-02
1.977723836898803711e-02
8.262755349278450012e-03
2.561472915112972260e-02
7.089534401893615723e-02
1.376848071813583374e-01
4.690635949373245239e-02
1.490949373692274094e-02
6.178527697920799255e-02
1.134423986077308655e-01
8.100251108407974243e-02
5.080512911081314087e-02
3.199563547968864441e-02
5.062970146536827087e-02
2.679192647337913513e-02
2.395084500312805176e-02
1.917670108377933502e-02
4.105407372117042542e-02
1.219839602708816528e-01
1.266509145498275757e-01
1.397836860269308090e-02
1.764330454170703888e-02
4.874603822827339172e-02
1.811264753341674805e-01
1.956184953451156616e-02
1.642215996980667114e-02
1.174692623317241669e-02
1.680775731801986694e-02
1.247353553771972656e-01
1.896811835467815399e-02
2.484223060309886932e-02
1.176587305963039398e-02
5.979915335774421692e-02
5.125893652439117432e-02
1.199712138622999191e-02
7.547632604837417603e-02
7.309778779745101929e-02
7.999165356159210205e-02
7.314977794885635376e-02
1.340317167341709137e-02
2.735659107565879822e-02
1.271188165992498398e-02
1.373391896486282349e-01
6.975771486759185791e-02
1.997923851013183594e-02
1.815422810614109039e-02
2.551014721393585205e-02
6.409175693988800049e-02
1.700753718614578247e-02
4.430955648422241211e-02
2.024348825216293335e-02
5.310832709074020386e-02
2.907488867640495300e-02
1.935777999460697174e-02
1.553206741809844971e-01
1.863725483417510986e-02
1.074434444308280945e-02
9.262557327747344971e-02
1.192299649119377136e-01
8.627912402153015137e-02
1.385601907968521118e-01
3.134978935122489929e-02
6.899373978376388550e-02
9.803326427936553955e-02
7.051794230937957764e-02
1.530387531965970993e-02
8.380536735057830811e-02
5.872930213809013367e-02
2.329903654754161835e-02
2.539865374565124512e-01
1.653879508376121521e-02
1.670528054237365723e-01
3.458191826939582825e-02
1.059245616197586060e-01
1.065470203757286072e-01
1.762984134256839752e-02
5.972893163561820984e-02
1.591903269290924072e-01
1.383104454725980759e-02
3.302955254912376404e-02
9.151410311460494995e-03
1.928102783858776093e-02
1.041906923055648804e-01
1.600572839379310608e-02
1.386105827987194061e-02
1.974891684949398041e-02
1.299091726541519165e-01
1.586905121803283691e-02
7.053156197071075439e-02
1.809392496943473816e-02
1.474896911531686783e-02
1.097003072500228882e-01
5.449473485350608826e-02
6.249973177909851074e-02
1.978139728307723999e-01
6.529538333415985107e-02
6.430564075708389282e-02
1.745266839861869812e-02
3.738220408558845520e-02
1.804882846772670746e-02
2.970766462385654449e-02
2.880471944808959961e-02
2.948421984910964966e-02
8.375313133001327515e-02
3.699460998177528381e-02
2.538470178842544556e-02
5.129415169358253479e-02
5.736088380217552185e-02
8.229347877204418182e-03
1.540973503142595291e-02
1.677801087498664856e-02
4.880850203335285187e-03
7.762054353952407837e-02
2.333053760230541229e-02
4.840067401528358459e-02
5.663357302546501160e-02
1.398597657680511475e-02
2.410161197185516357e-01
3.897017613053321838e-02
3.421887010335922241e-02
2.158848792314529419e-01
3.796162828803062439e-02
1.702271588146686554e-02
4.896922409534454346e-02
2.706628441810607910e-01
5.862897261977195740e-02
6.162137538194656372e-02
1.796274073421955109e-02
7.932781428098678589e-02
1.206082664430141449e-02
7.115838676691055298e-02
1.286776550114154816e-02
9.533349424600601196e-03
1.874361038208007812e-01
4.118194058537483215e-02
3.316375613212585449e-02
1.788934506475925446e-02
2.029193043708801270e-01
4.021537676453590393e-02
1.729264110326766968e-02
4.671126976609230042e-02
1.651690341532230377e-02
1.335021946579217911e-02
5.934897437691688538e-02
2.076848410069942474e-02
4.086688533425331116e-02
6.888646632432937622e-02
5.462891235947608948e-02
5.956363677978515625e-02
1.688657701015472412e-02
8.626417256891727448e-03
6.100535392761230469e-02
5.113800987601280212e-02
4.041423276066780090e-02
1.318914908915758133e-02
6.015813350677490234e-02
1.473386678844690323e-02
1.152715925127267838e-02
5.589135363698005676e-02
4.248454421758651733e-02
1.593119651079177856e-01
9.409279376268386841e-02
4.699375107884407043e-02
1.200211197137832642e-01
1.522037014365196228e-02
2.178587019443511963e-02
2.201475575566291809e-02
1.346043776720762253e-02
1.997463218867778778e-02
3.954137861728668213e-02
4.621804878115653992e-02
2.721471488475799561e-01
1.167598273605108261e-02
1.111762691289186478e-02
1.025129389017820358e-02
3.792065009474754333e-02
1.048132404685020447e-01
1.210438646376132965e-02
2.096724361181259155e-01
1.711379364132881165e-02
1.661687195301055908e-01
5.931945890188217163e-02
1.879243105649948120e-01
1.785946451127529144e-02
3.079443611204624176e-02
4.531948640942573547e-02
1.844972930848598480e-02
1.665868982672691345e-02
1.100664213299751282e-02
4.657801985740661621e-02
9.215177595615386963e-02
1.345277670770883560e-02
2.700272388756275177e-02
1.967322453856468201e-02
3.537430241703987122e-02
1.960940286517143250e-02
1.962409168481826782e-02
5.952954664826393127e-02
1.494338512420654297e-01
4.418811202049255371e-02
8.799882233142852783e-02
1.227742992341518402e-02
2.205202281475067139e-01
1.677110046148300171e-02
1.168044190853834152e-02
6.139262020587921143e-02
1.739629171788692474e-02
1.571459174156188965e-01
1.665556617081165314e-02
2.029171884059906006e-01
6.323158740997314453e-02
3.854463696479797363e-01
5.187116190791130066e-02
3.927027806639671326e-03
1.381398886442184448e-01
6.895969063043594360e-02
1.341961920261383057e-01
1.380001306533813477e-01
3.395954146981239319e-02
1.163014955818653107e-02
1.675284840166568756e-02
4.102271050214767456e-02
4.638138413429260254e-02
9.040131419897079468e-02
1.080634631216526031e-02
9.283544868230819702e-02
1.608418226242065430e-01
1.283920370042324066e-02
7.377677410840988159e-02
1.159189864993095398e-01
9.151794761419296265e-02
7.649838179349899292e-02
6.351947784423828125e-02
2.299046888947486877e-02
3.818596526980400085e-02
4.750819876790046692e-02
4.185723140835762024e-02
4.972548782825469971e-02
1.242202222347259521e-01
1.607351191341876984e-02
1.973124407231807709e-02
9.398803859949111938e-02
6.840787827968597412e-02
1.680598221719264984e-02
1.844763942062854767e-02
1.923063397407531738e-01
1.489819437265396118e-01
1.939358748495578766e-02
6.084549054503440857e-02
1.838182471692562103e-02
1.134135052561759949e-01
6.520663946866989136e-02
5.596946179866790771e-02
7.055964320898056030e-02
1.958981901407241821e-02
1.347689479589462280e-01
2.793209254741668701e-02
3.013718128204345703e-02
1.002078577876091003e-01
1.721791177988052368e-02
6.687886267900466919e-02
6.844619661569595337e-02
4.870180785655975342e-02
6.009279564023017883e-02
1.402367204427719116e-01
3.292216733098030090e-02
1.102604344487190247e-02
3.700398653745651245e-02
1.939476467669010162e-02
1.461978908628225327e-02
1.969853229820728302e-02
1.802938058972358704e-02
9.912864305078983307e-03
1.240026354789733887e-01
1.420985460281372070e-01
1.837350055575370789e-02
1.820507086813449860e-02
1.762811280786991119e-02
1.192801818251609802e-01
1.215551886707544327e-02
8.288965374231338501e-02
1.020957529544830322e-01
7.431986741721630096e-03
2.013581395149230957e-01
5.774688720703125000e-02
1.421202719211578369e-01
1.930806040763854980e-02
4.670604690909385681e-02
1.902902685105800629e-02
1.171861216425895691e-01
1.421186774969100952e-01
7.813614606857299805e-02
1.233524009585380554e-01
1.288746148347854614e-01
4.551431536674499512e-02
7.304999232292175293e-02
1.302638202905654907e-01
4.669516906142234802e-02
1.196342241019010544e-02
1.013605855405330658e-02
5.727436393499374390e-02
6.003999710083007812e-02
7.397039234638214111e-02
8.351204544305801392e-02
6.012280285358428955e-02
4.462113603949546814e-02
1.776341535151004791e-02
1.730999350547790527e-01
1.825855486094951630e-02
1.967734284698963165e-02
1.524137109518051147e-01
6.355269998311996460e-02
1.080585457384586334e-02
5.161001160740852356e-02
1.323322355747222900e-01
1.055627837777137756e-01
2.412924543023109436e-02
1.293757557868957520e-01
7.526437938213348389e-02
7.531512994319200516e-03
9.213922917842864990e-02
1.994596980512142181e-02
2.345514856278896332e-02
1.520603746175765991e-01
1.721026375889778137e-02
1.881873980164527893e-02
1.695081591606140137e-02
3.973658382892608643e-02
1.545754820108413696e-02
1.118433177471160889e-01
4.195653274655342102e-02
1.946205459535121918e-02
3.593980148434638977e-02
5.630179867148399353e-02
5.341776087880134583e-02
4.611595347523689270e-02
1.351010501384735107e-01
2.995829284191131592e-02
1.448846794664859772e-02
2.408000677824020386e-01
2.960356697440147400e-02
1.537860650569200516e-02
6.181064993143081665e-02
4.575246572494506836e-02
6.934496015310287476e-02
3.952129930257797241e-02
9.109415113925933838e-02
1.726653128862380981e-01
8.861868828535079956e-02
3.362650796771049500e-02
1.985157094895839691e-02
7.395689841359853745e-03
1.533913239836692810e-02
1.554293558001518250e-02
1.140039935708045959e-01
3.508930280804634094e-02
9.022854268550872803e-02
3.585629165172576904e-02
1.219626143574714661e-02
6.711488962173461914e-02
1.791358552873134613e-02
1.263762861490249634e-01
7.819490134716033936e-02
1.611159555613994598e-02
1.247395947575569153e-02
8.073195815086364746e-03
8.681172877550125122e-02
7.532715052366256714e-02
1.033952981233596802e-01
1.468305662274360657e-02
1.778429746627807617e-02
1.765572465956211090e-02
4.702631011605262756e-02
5.079844966530799866e-02
8.153523504734039307e-02
4.728795215487480164e-02
1.626705750823020935e-02
4.717108607292175293e-02
1.829027384519577026e-02
2.851612493395805359e-02
1.190354488790035248e-02
4.401358589529991150e-02
8.473863452672958374e-02
1.613901928067207336e-02
4.691191762685775757e-02
2.829460799694061279e-02
1.221175268292427063e-01
7.749826461076736450e-02
2.183310091495513916e-01
6.405678391456604004e-02
7.700949907302856445e-02
1.890708133578300476e-02
7.913987338542938232e-02
8.279658854007720947e-02
1.088932901620864868e-02
3.503929823637008667e-02
1.371906846761703491e-01
1.112643163651227951e-02
1.251879986375570297e-02
1.892259530723094940e-02
5.412729829549789429e-02
4.762409254908561707e-02
3.356571495532989502e-02
1.925656646490097046e-01
1.465331390500068665e-02
1.059088855981826782e-01
1.847142539918422699e-02
2.047823369503021240e-02
8.754710853099822998e-02
1.179085392504930496e-02
1.865453273057937622e-02
1.725968345999717712e-02
7.946790754795074463e-02
5.032067745923995972e-02
4.812099412083625793e-02
1.805544272065162659e-02
9.410027414560317993e-03
1.284230686724185944e-02
4.075808450579643250e-02
1.953795552253723145e-02
1.089438125491142273e-01
6.454113870859146118e-02
