-3.233359431000000086e+02
-3.733325682999999344e+02
-3.152081746000000066e+02
-3.525076124000000277e+02
-1.891933904999999925e+02
-1.457561577499999999e+02
-3.798159311499999831e+02
-2.734290300999999772e+02
-2.660177119499999776e+02
-1.846907295999999974e+02
-2.186903389499999832e+02
-1.816076216499999703e+02
-3.518724458500000765e+02
-3.205131996500000469e+02
-1.915714962499999956e+02
-1.063592611999999917e+02
-2.170338223000000255e+02
-2.168462129000000118e+02
-1.725964029000000153e+02
-2.187744239500000276e+02
-2.682038917500000252e+02
-2.061026201499999502e+02
-2.173731684500000085e+02
-1.485807580500000142e+02
-4.874122210000000877e+01
-1.251775500499999936e+02
-1.741286224500000230e+02
-1.117679817999999869e+02
-1.154262947499999825e+02
-1.869763181000000145e+02
-1.447659163499999977e+02
-7.200885085000000174e+01
-1.630281751500000098e+02
-2.222354617500000131e+02
-1.616877590499999826e+02
-1.203537512999999990e+02
-1.105185037500000078e+02
-1.339277134000000444e+02
-1.319548494999999946e+02
-2.143446775999999829e+02
-1.288589279999999917e+02
-1.508850275499999896e+02
-1.516884795999999938e+02
-9.165958449999999402e+01
-7.828094200000001024e+01
-1.183536215499999997e+02
-9.684691995000000020e+01
-7.651878254999999740e+01
-6.511926839999999572e+01
-8.899040879999999731e+01
-1.865956919500000026e+02
-6.755976920000000518e+01
-5.525606279999999515e+01
-8.439729020000001469e+01
-9.904961130000000935e+01
-1.111633060000000057e+02
-9.768715045000001851e+01
-1.150314096999999975e+02
-1.510130686500000081e+02
-9.088255630000000451e+01
