-7.398162037134170532e-03
-8.703859895467758179e-02
-1.062947809696197510e-01
-7.535992562770843506e-02
-1.433601230382919312e-01
-2.145453095436096191e-01
-1.721332967281341553e-01
-1.074739843606948853e-01
-6.928438693284988403e-02
-8.348039537668228149e-02
1.377932727336883545e-03
-3.736370056867599487e-02
1.928113400936126709e-02
-1.373749226331710815e-01
-2.165316790342330933e-01
2.750735729932785034e-04
-6.038302928209304810e-02
-9.295918047428131104e-02
1.455904543399810791e-02
-5.441793426871299744e-02
-8.686292916536331177e-02
-4.497924447059631348e-02
-1.244198530912399292e-01
-7.699269056320190430e-02
-1.826287060976028442e-01
-1.091921702027320862e-01
-1.811303943395614624e-01
-1.242544874548912048e-02
-1.634672433137893677e-01
-2.170131914317607880e-02
-1.944316327571868896e-01
-2.337937429547309875e-02
-1.794520765542984009e-02
-1.329892426729202271e-01
4.060464352369308472e-02
-1.121239066123962402e-01
-1.144644469022750854e-01
-1.471152752637863159e-01
-1.444647312164306641e-01
-1.338524818420410156e-01
1.621241867542266846e-02
-8.393378555774688721e-02
-2.058729715645313263e-02
-4.600371047854423523e-02
-4.196315258741378784e-02
-9.479640424251556396e-02
-5.719787627458572388e-02
-1.841355860233306885e-02
-9.620200842618942261e-02
5.242973938584327698e-02
-1.531412750482559204e-01
-1.217928901314735413e-02
-1.061782985925674438e-01
1.948487758636474609e-02
-1.432099044322967529e-01
-1.580486148595809937e-01
-9.538726508617401123e-02
-1.833206713199615479e-01
-5.072137713432312012e-02
-2.227128148078918457e-01
2.444306761026382446e-02
9.565051645040512085e-03
-1.299275010824203491e-01
-6.220771372318267822e-02
-9.133911132812500000e-02
-1.169033497571945190e-01
-9.626881778240203857e-02
-1.330887228250503540e-01
-1.391506195068359375e-01
-8.501628041267395020e-02
-9.893754124641418457e-02
-2.148642763495445251e-02
-6.961945444345474243e-02
-4.916447401046752930e-02
-6.791077554225921631e-03
-1.473227590322494507e-01
-2.776897698640823364e-02
-2.208586968481540680e-02
1.314943283796310425e-01
-1.870923340320587158e-01
-9.783998876810073853e-02
-7.963199913501739502e-02
-1.370216459035873413e-01
-1.158417686820030212e-01
-9.011732041835784912e-02
-1.575219482183456421e-01
-1.069742590188980103e-01
-4.153990000486373901e-02
-1.103448420763015747e-01
-2.294088900089263916e-02
-6.607467681169509888e-02
-9.012261033058166504e-02
-5.510398373007774353e-02
-3.148027136921882629e-02
-1.700577512383460999e-02
-1.272951811552047729e-01
-1.000024825334548950e-01
-1.389072239398956299e-01
-4.189601913094520569e-02
-9.936106950044631958e-02
-1.359199285507202148e-01
-2.244986593723297119e-03
-3.028656728565692902e-02
-1.056329086422920227e-01
-3.775325417518615723e-02
-1.605569571256637573e-02
-4.116953164339065552e-02
-5.822686478495597839e-02
-1.120957657694816589e-01
-1.133417636156082153e-01
-4.750333726406097412e-02
-1.691596508026123047e-01
-5.958884209394454956e-02
-8.332131057977676392e-02
-3.597195073962211609e-02
-5.331511050462722778e-02
-1.449552923440933228e-02
-1.373197585344314575e-01
-1.249296963214874268e-02
-1.934597641229629517e-01
-2.539691142737865448e-02
-1.626121252775192261e-01
-5.354107171297073364e-02
-8.729183673858642578e-02
-2.996619977056980133e-02
-2.914510667324066162e-03
-1.664084345102310181e-01
-9.382048994302749634e-02
1.139977574348449707e-02
-1.715758144855499268e-01
-9.825953841209411621e-02
5.007594823837280273e-03
1.562080830335617065e-01
-8.055111765861511230e-02
-1.270784586668014526e-01
8.987490087747573853e-03
-1.016312763094902039e-01
-8.247285336256027222e-02
6.163755431771278381e-03
-4.392382502555847168e-02
-1.395874172449111938e-01
-5.374339967966079712e-02
-1.238082908093929291e-02
-1.611936092376708984e-01
-5.091411620378494263e-02
-3.659177199006080627e-02
-1.079101637005805969e-01
6.234029307961463928e-03
-8.458224684000015259e-02
1.242129504680633545e-02
-8.280739933252334595e-02
-5.200058594346046448e-02
-1.021517440676689148e-02
-6.798532605171203613e-02
-1.494667679071426392e-01
-8.691492676734924316e-02
-1.149809733033180237e-01
-8.475704491138458252e-02
-2.459182776510715485e-02
-1.872371733188629150e-01
6.140233576297760010e-02
-9.627784788608551025e-02
2.800947055220603943e-02
-1.180584356188774109e-01
-3.576183319091796875e-02
4.419574886560440063e-02
-8.213946223258972168e-02
3.954735398292541504e-02
-1.251018643379211426e-01
-1.055973991751670837e-01
-7.567697763442993164e-02
-1.136619970202445984e-01
-8.264224976301193237e-03
-1.850222349166870117e-01
-3.590084612369537354e-03
-1.401468217372894287e-01
-7.849073410034179688e-02
-2.259886711835861206e-01
-7.193734496831893921e-02
-8.322763442993164062e-02
-8.187860995531082153e-02
-4.781462252140045166e-02
-5.097319930791854858e-02
6.726838648319244385e-03
-1.733046174049377441e-01
-9.450149536132812500e-02
-1.157367601990699768e-02
-6.037645041942596436e-02
-2.040130645036697388e-01
-1.094158738851547241e-01
-1.111845672130584717e-01
-5.977722257375717163e-02
-1.094354838132858276e-01
-7.203520834445953369e-02
-9.526251256465911865e-02
1.187682151794433594e-02
-2.329857274889945984e-02
2.729855477809906006e-03
-5.425561964511871338e-02
-1.568143814802169800e-02
-1.704507693648338318e-02
-1.103117913007736206e-01
-4.957754164934158325e-03
-1.466903537511825562e-01
-1.226173937320709229e-01
-1.498547345399856567e-01
-9.611754119396209717e-02
-1.743447780609130859e-01
-2.116106450557708740e-03
6.419919431209564209e-02
-8.391514420509338379e-02
-7.468113303184509277e-02
-1.349591165781021118e-01
-3.400773555040359497e-02
1.005788147449493408e-02
-3.156059980392456055e-02
6.606204062700271606e-02
-1.553570628166198730e-01
-2.816417813301086426e-02
-7.459288835525512695e-02
-1.432298589497804642e-02
-9.353961795568466187e-02
-7.571382820606231689e-02
-1.565020531415939331e-02
-1.497226208448410034e-01
-7.169072329998016357e-02
-6.039062887430191040e-02
-9.138643741607666016e-02
-1.583115756511688232e-01
-8.225159347057342529e-02
-8.304435014724731445e-02
-2.547624707221984863e-02
-1.410455554723739624e-01
-4.395382478833198547e-02
-8.430887758731842041e-02
-2.679358422756195068e-02
-1.811340898275375366e-01
-3.312341868877410889e-03
2.852408885955810547e-01
-2.184971794486045837e-02
3.296538442373275757e-02
-8.551165461540222168e-02
-3.351546823978424072e-02
2.688609063625335693e-03
-5.343755334615707397e-02
3.543509542942047119e-02
-9.583219885826110840e-02
-1.157845705747604370e-01
-5.250394344329833984e-03
-4.377990961074829102e-02
-6.083078682422637939e-02
-9.586504846811294556e-02
-1.212531700730323792e-01
-8.957813680171966553e-02
-1.797094345092773438e-01
-3.073768690228462219e-02
-2.366442084312438965e-01
1.908699050545692444e-02
-2.093597650527954102e-01
-1.209744811058044434e-02
-1.639778316020965576e-01
1.331470906734466553e-01
-1.070012375712394714e-01
1.757547259330749512e-02
-4.117469489574432373e-02
-1.833032816648483276e-03
-2.177575528621673584e-01
-1.009967178106307983e-01
-8.852683007717132568e-02
-2.118777111172676086e-02
-7.375214248895645142e-02
-2.569778263568878174e-02
-1.228708773851394653e-01
-8.490072190761566162e-02
-4.834820702672004700e-02
1.878311857581138611e-02
-7.309146225452423096e-02
-6.479521095752716064e-02
-6.132692098617553711e-02
-6.861348450183868408e-02
-6.597332656383514404e-02
1.661183685064315796e-02
-3.104574978351593018e-02
-1.003758013248443604e-01
-8.195655792951583862e-02
-9.888628125190734863e-02
-1.759020984172821045e-02
-7.814748585224151611e-02
-5.624964460730552673e-02
-3.491472452878952026e-02
-5.137838050723075867e-02
1.202313974499702454e-02
-4.140287637710571289e-02
-6.050373241305351257e-02
-5.061435699462890625e-02
-3.363196924328804016e-02
-6.508558243513107300e-02
-2.451615035533905029e-02
-1.713182479143142700e-01
-5.668708682060241699e-02
-3.999530524015426636e-02
-9.365126490592956543e-02
-1.756613403558731079e-01
-6.693193316459655762e-02
-1.921182125806808472e-01
-1.801187545061111450e-02
-8.773642778396606445e-02
-2.160762101411819458e-01
-7.321991026401519775e-02
-6.090019643306732178e-02
-1.265544891357421875e-01
-4.902234300971031189e-02
-5.097994953393936157e-02
4.984997212886810303e-04
-1.467185169458389282e-01
-1.049595177173614502e-01
6.902439892292022705e-02
2.104036509990692139e-02
-1.064602732658386230e-01
2.954863011837005615e-03
-1.284297108650207520e-01
-2.987506240606307983e-02
-3.055113554000854492e-02
-4.659871011972427368e-02
-2.876425907015800476e-02
4.634403437376022339e-02
-3.805940598249435425e-02
-4.851058125495910645e-02
-9.596254676580429077e-02
-7.053370773792266846e-02
2.872802689671516418e-02
-5.733155459165573120e-02
-4.858060926198959351e-02
6.730969995260238647e-02
-7.585906982421875000e-02
3.580745682120323181e-02
-4.357235878705978394e-02
-1.068012267351150513e-01
4.451499879360198975e-02
5.375802516937255859e-02
8.386722952127456665e-02
-2.377120964229106903e-02
-1.514159142971038818e-01
-6.572636961936950684e-02
-6.425539404153823853e-02
4.623569548130035400e-03
-7.725859433412551880e-02
-4.054783284664154053e-02
2.136266976594924927e-02
1.916567981243133545e-02
-4.765958338975906372e-02
-4.417501389980316162e-02
-1.190819889307022095e-01
-1.946002095937728882e-01
-8.258549124002456665e-02
-1.338667422533035278e-01
-9.345172345638275146e-02
-8.277101069688796997e-02
-2.429608255624771118e-02
-7.605047523975372314e-02
-3.759474679827690125e-02
-6.249423325061798096e-02
-6.450492143630981445e-02
-5.870542675256729126e-02
-1.607513278722763062e-01
-6.855612993240356445e-02
-1.563548892736434937e-01
-1.016402617096900940e-01
-1.647323071956634521e-01
-6.554215401411056519e-02
-2.480723708868026733e-02
-5.655950680375099182e-02
-8.169439435005187988e-02
-8.243782818317413330e-02
-5.541675910353660583e-02
1.525542140007019043e-02
-8.829559385776519775e-02
1.708084046840667725e-01
-2.212934941053390503e-02
-7.304035872220993042e-02
-1.002380028367042542e-01
-6.764815002679824829e-02
-1.305840909481048584e-01
-1.488865762948989868e-01
-4.575528204441070557e-03
-2.072213739156723022e-01
-1.261883974075317383e-02
-4.435808584094047546e-02
-1.278612911701202393e-01
-1.647885739803314209e-01
-2.405469678342342377e-02
-9.619770944118499756e-02
-1.571767479181289673e-01
-3.083661198616027832e-03
-3.975506126880645752e-02
-5.393674969673156738e-02
-8.990762382745742798e-02
-4.361175000667572021e-02
-1.108482256531715393e-01
-1.168250814080238342e-01
-4.126750305294990540e-02
-4.357074201107025146e-02
-8.968650549650192261e-02
1.240240037441253662e-01
-7.603818923234939575e-02
-6.600555777549743652e-02
-5.435909703373908997e-02
-3.799389675259590149e-02
-4.567404091358184814e-02
-1.004130840301513672e-01
-7.677519321441650391e-02
-1.512552201747894287e-01
-3.678067028522491455e-02
-1.256494969129562378e-01
-3.006549924612045288e-02
3.956019133329391479e-02
-9.303005039691925049e-02
-2.288140356540679932e-02
-3.001091256737709045e-02
1.826529204845428467e-02
-2.867972105741500854e-02
-8.427280932664871216e-02
1.944042742252349854e-03
-8.438990265130996704e-02
-5.572520196437835693e-03
-9.770192950963973999e-02
-1.137464568018913269e-01
-1.247823238372802734e-01
-3.821424394845962524e-02
-8.337652683258056641e-02
-2.055000513792037964e-02
5.034245550632476807e-03
-9.047117829322814941e-02
-2.350812219083309174e-02
-9.561131894588470459e-02
8.159205317497253418e-02
-2.147162407636642456e-01
-9.459569305181503296e-02
-7.052520662546157837e-02
-6.871041655540466309e-02
-1.873524338006973267e-01
9.163956157863140106e-03
-1.215280294418334961e-01
-5.439808219671249390e-02
-1.917713135480880737e-01
-1.118466034531593323e-01
-5.620848387479782104e-02
1.444959789514541626e-01
-1.032425463199615479e-02
-8.971370756626129150e-02
1.179751008749008179e-02
-1.396448910236358643e-01
9.039971232414245605e-02
1.346215605735778809e-01
-5.303439125418663025e-02
-5.911450833082199097e-02
-1.635016351938247681e-01
-1.195033416152000427e-01
-4.216638207435607910e-02
-8.554476499557495117e-02
4.334835708141326904e-02
-5.144879966974258423e-02
-6.757500022649765015e-02
-1.162787079811096191e-01
-1.784198135137557983e-01
-1.162420511245727539e-01
-1.237813010811805725e-01
-4.114927351474761963e-02
-1.218476444482803345e-01
2.024638503789901733e-01
-5.980500206351280212e-02
8.005104959011077881e-03
1.445000246167182922e-02
-2.426612190902233124e-02
-1.006639078259468079e-01
-4.291757941246032715e-02
-7.720901817083358765e-02
-5.586909130215644836e-02
-5.045288801193237305e-02
-1.113248541951179504e-01
-5.594306066632270813e-02
-1.130048185586929321e-01
-1.556634306907653809e-01
-3.455323725938796997e-02
-9.058735519647598267e-02
-1.284210532903671265e-01
-1.536475569009780884e-01
-3.480911627411842346e-02
-3.440575301647186279e-02
-2.718951553106307983e-03
-3.780699148774147034e-02
-8.784160017967224121e-03
-5.407136306166648865e-02
-3.510802984237670898e-02
-3.006442636251449585e-02
-5.904211848974227905e-02
-4.293471574783325195e-02
-6.035123020410537720e-02
-9.543257951736450195e-02
-7.965907454490661621e-02
2.874838560819625854e-02
-4.948088899254798889e-02
2.119878679513931274e-02
-1.003710553050041199e-01
-8.611911535263061523e-02
2.222750931978225708e-01
-8.825886249542236328e-02
-8.338837325572967529e-02
-4.372614622116088867e-02
-2.642154693603515625e-02
4.905360564589500427e-02
1.083682626485824585e-01
-7.773086428642272949e-02
-1.073247045278549194e-01
-7.542706280946731567e-02
-1.895662993192672729e-01
-1.124100685119628906e-01
-4.197550192475318909e-02
-3.918062150478363037e-02
-1.135092228651046753e-02
7.304866611957550049e-02
7.660552859306335449e-03
-2.767659723758697510e-02
-1.050529181957244873e-01
1.099763885140419006e-01
-1.729363203048706055e-02
3.209337592124938965e-02
2.135430276393890381e-02
-6.427497416734695435e-02
-8.385140448808670044e-02
1.092440262436866760e-02
-1.141375005245208740e-01
-1.004180759191513062e-01
-7.887254655361175537e-02
-1.006390154361724854e-01
2.292972058057785034e-02
-9.485294669866561890e-02
6.231203675270080566e-03
-8.065528422594070435e-02
-7.791391760110855103e-02
-3.059188276529312134e-02
-1.566057652235031128e-01
-1.231263428926467896e-01
-4.524085670709609985e-02
1.020832359790802002e-02
-3.329283744096755981e-02
-4.760900139808654785e-02
-1.628206074237823486e-01
-5.545713007450103760e-03
-5.944572389125823975e-03
1.180970221757888794e-01
-2.067749947309494019e-01
-2.786703705787658691e-01
-2.178182452917098999e-02
6.590323150157928467e-02
-5.990386009216308594e-02
9.426648914813995361e-02
-2.189791947603225708e-02
2.466447651386260986e-02
-4.255956411361694336e-02
-1.184536218643188477e-01
6.372538805007934570e-01
-2.649097517132759094e-02
-9.366735816001892090e-02
-2.038367465138435364e-02
2.005105838179588318e-03
2.205618023872375488e-01
-4.924456030130386353e-02
-1.703210733830928802e-02
-1.146536171436309814e-01
-1.079083979129791260e-01
3.967386484146118164e-02
-1.476422399282455444e-01
-8.270066976547241211e-02
-7.699164003133773804e-02
5.615268275141716003e-02
8.567215502262115479e-02
5.423112213611602783e-02
-2.072710394859313965e-01
7.694095373153686523e-03
-4.052131623029708862e-02
-1.178172379732131958e-01
-2.698655799031257629e-02
5.322162806987762451e-02
3.716067597270011902e-02
-1.413670033216476440e-01
-1.961448639631271362e-01
-7.463721930980682373e-02
-4.548836499452590942e-03
-3.488570451736450195e-03
5.483880639076232910e-02
-4.622251540422439575e-02
-5.636570975184440613e-02
-2.914252504706382751e-02
1.804319024085998535e-02
-1.135186851024627686e-02
3.192435204982757568e-02
-6.282310187816619873e-02
-1.041358113288879395e-01
4.974007606506347656e-02
-1.010334566235542297e-01
-3.026556968688964844e-02
-1.187722757458686829e-01
-7.196640223264694214e-02
7.778160274028778076e-03
-1.028973311185836792e-01
-8.778582513332366943e-02
-1.001845598220825195e-01
-1.193528696894645691e-01
-7.073814421892166138e-02
-1.172175556421279907e-01
-1.837347149848937988e-01
-1.283611953258514404e-01
1.354873180389404297e-03
-9.412800520658493042e-02
2.081425860524177551e-03
-4.877064749598503113e-02
-6.967589259147644043e-03
-1.207324191927909851e-01
-5.506486818194389343e-02
-7.722343504428863525e-02
9.321905672550201416e-02
1.711989194154739380e-02
-9.860320389270782471e-02
-1.318850219249725342e-01
-9.785579144954681396e-02
-1.898613572120666504e-02
-9.826192259788513184e-02
-1.476200670003890991e-01
-1.762038171291351318e-01
-5.472623556852340698e-02
2.213031798601150513e-02
-1.713599860668182373e-01
2.292916178703308105e-04
1.524435728788375854e-02
-2.215683460235595703e-01
-7.338162511587142944e-02
-7.803910225629806519e-02
-1.429528146982192993e-01
-9.916879236698150635e-02
-6.125736236572265625e-02
-7.233457267284393311e-02
-6.261883676052093506e-02
-9.853079915046691895e-02
-5.898834392428398132e-02
-5.184426903724670410e-03
5.892440676689147949e-04
-1.817847192287445068e-01
-5.851231515407562256e-02
-3.227489069104194641e-02
-8.455367386341094971e-02
-1.974438130855560303e-02
1.047401130199432373e-01
-1.047605127096176147e-01
-3.442218899726867676e-02
-3.564406186342239380e-02
-2.017660737037658691e-01
4.372298717498779297e-03
-4.052990674972534180e-02
1.269064843654632568e-03
-1.104803234338760376e-01
-1.086083650588989258e-01
2.424403280019760132e-02
3.530608862638473511e-02
1.387943625450134277e-01
-2.528662234544754028e-02
-7.353379577398300171e-02
-3.238064423203468323e-02
-7.774910330772399902e-02
-1.523005217313766479e-02
1.820395737886428833e-01
6.377372890710830688e-02
3.512774407863616943e-02
-2.144865691661834717e-01
-1.908117681741714478e-01
5.469649657607078552e-02
5.122999846935272217e-02
-6.463102996349334717e-02
-2.523595839738845825e-02
-4.239066690206527710e-02
2.643975615501403809e-02
-1.467126607894897461e-02
-2.116611450910568237e-01
-1.153976246714591980e-01
-1.564489305019378662e-02
-9.992059320211410522e-02
1.613748073577880859e-02
1.751001775264739990e-01
-1.806279271841049194e-02
-1.073690950870513916e-01
-4.295461624860763550e-02
-5.485162138938903809e-03
-4.618272185325622559e-02
-1.639164090156555176e-01
-3.603177145123481750e-02
-7.062682509422302246e-02
-1.246425509452819824e-02
-1.097452342510223389e-01
-1.065175011754035950e-01
-5.407156050205230713e-02
-9.987419843673706055e-02
7.189388573169708252e-02
-6.979293376207351685e-02
2.462466806173324585e-02
-1.218321025371551514e-01
-5.162442848086357117e-02
-3.500637412071228027e-02
-4.089315980672836304e-02
-9.865752607583999634e-02
-1.100322082638740540e-01
-1.119288206100463867e-01
-8.216075599193572998e-02
-1.151713132858276367e-01
-4.560051485896110535e-02
-1.357798874378204346e-01
-9.264711290597915649e-02
2.094817347824573517e-03
-1.508913189172744751e-01
-1.069173961877822876e-01
4.357080161571502686e-02
-6.428357213735580444e-02
-1.158422753214836121e-01
1.388977468013763428e-02
5.359674990177154541e-02
-1.478311419486999512e-02
5.651531368494033813e-02
-9.934492409229278564e-02
3.758478164672851562e-02
-1.438681036233901978e-01
6.451457738876342773e-04
-7.472717761993408203e-02
6.998598575592041016e-03
-1.824916899204254150e-01
-1.753232628107070923e-02
-1.730054467916488647e-01
-3.076986409723758698e-02
-3.355352580547332764e-02
3.809393942356109619e-02
-1.628813594579696655e-01
-1.719215959310531616e-01
-1.282526105642318726e-01
-2.271338105201721191e-01
-1.308068633079528809e-02
-6.938451528549194336e-02
-2.222782745957374573e-02
-1.375482976436614990e-01
-3.197720646858215332e-02
1.153518259525299072e-02
-2.272752113640308380e-02
-4.270575940608978271e-02
-5.354833602905273438e-02
-8.704443275928497314e-02
-1.693356633186340332e-01
-4.362592101097106934e-02
1.752090454101562500e-01
-8.738271892070770264e-02
-2.598596177995204926e-02
-6.448294967412948608e-02
-2.321686744689941406e-01
1.343797594308853149e-01
-1.906469464302062988e-02
-1.198082566261291504e-01
-8.673205971717834473e-02
-5.008076876401901245e-02
-7.797732204198837280e-02
-7.229101657867431641e-02
1.366948783397674561e-01
-2.788833528757095337e-02
-1.029064133763313293e-01
-1.149994693696498871e-02
-8.230134844779968262e-04
7.707506418228149414e-02
-3.875185176730155945e-02
-6.920146942138671875e-02
-2.596286311745643616e-02
3.779562711715698242e-01
-1.098252087831497192e-01
-7.409828901290893555e-02
5.789505317807197571e-02
-1.353973299264907837e-01
-1.187502965331077576e-01
-1.009246557950973511e-01
4.222156852483749390e-02
-2.772138640284538269e-02
-7.829276472330093384e-02
-1.675725728273391724e-02
-1.203325539827346802e-01
-2.679841592907905579e-02
1.646640002727508545e-01
-3.634174540638923645e-02
-9.653958678245544434e-02
-5.243954807519912720e-02
-6.147829443216323853e-02
1.063427701592445374e-02
-1.953752934932708740e-01
4.005641490221023560e-02
-2.572223544120788574e-03
-8.112342655658721924e-02
-1.621107012033462524e-01
4.101178795099258423e-02
-9.080393612384796143e-02
-7.966250181198120117e-02
-6.757628172636032104e-02
-1.252428814768791199e-02
-2.027958631515502930e-02
1.713515259325504303e-02
-2.872125245630741119e-02
-3.645935654640197754e-02
-9.687827527523040771e-02
-1.089066341519355774e-01
-8.224068582057952881e-02
-6.755766272544860840e-02
-1.684667170047760010e-02
-1.836977005004882812e-01
-1.784189939498901367e-01
-8.905829489231109619e-02
-7.876185327768325806e-02
-3.999114036560058594e-02
5.118909478187561035e-02
-1.414150446653366089e-01
1.497549712657928467e-01
-3.312318027019500732e-02
2.458511665463447571e-02
-5.495826154947280884e-02
-1.096569374203681946e-01
1.144258230924606323e-01
-1.563009172677993774e-01
-1.010414063930511475e-01
-8.744561672210693359e-02
6.682468950748443604e-02
-9.319072961807250977e-02
-2.298850193619728088e-02
-2.008409053087234497e-02
-2.839906513690948486e-02
-1.250258386135101318e-01
-1.052327305078506470e-01
-3.434314951300621033e-02
1.013375446200370789e-02
-1.031079143285751343e-02
-7.552386075258255005e-02
-1.343712955713272095e-01
-1.658832728862762451e-01
-8.984611928462982178e-02
1.009131222963333130e-01
-8.447623252868652344e-02
-6.470112502574920654e-02
-9.137193113565444946e-02
-6.466103345155715942e-02
-1.201922893524169922e-01
-5.740154534578323364e-02
-2.557463943958282471e-03
2.092544734477996826e-01
6.257296353578567505e-02
-8.141460269689559937e-02
-6.662569195032119751e-02
-9.076181054115295410e-02
-3.175184130668640137e-03
-1.608720421791076660e-01
-7.450464367866516113e-02
-4.101967811584472656e-02
-4.551063477993011475e-02
2.115229144692420959e-02
-1.542630195617675781e-01
-4.830544441938400269e-02
-4.049484059214591980e-02
4.873076081275939941e-02
-1.297148019075393677e-01
-1.082526445388793945e-01
-2.806885540485382080e-02
-6.976348161697387695e-02
-1.032954603433609009e-01
-8.945939689874649048e-02
-1.178014278411865234e-01
1.426570117473602295e-03
-6.589490175247192383e-02
-1.649330928921699524e-02
-9.455768764019012451e-02
-3.158842772245407104e-02
-1.130839511752128601e-01
1.564152538776397705e-03
-1.045783143490552902e-02
-7.806026935577392578e-02
5.694745853543281555e-02
-1.041500493884086609e-01
-2.976260334253311157e-02
-8.151678740978240967e-02
3.564684092998504639e-02
-1.490256562829017639e-02
-1.114423573017120361e-01
-7.731371372938156128e-02
-6.360086798667907715e-02
-8.805077522993087769e-02
-7.526420801877975464e-02
-8.137379586696624756e-02
-7.432530820369720459e-02
-1.501260697841644287e-02
-1.558053493499755859e-01
-1.842001266777515411e-02
-3.277628123760223389e-02
-2.122151851654052734e-02
-5.844200402498245239e-02
-1.214329749345779419e-01
-5.870733410120010376e-03
-1.146380677819252014e-01
-6.329951435327529907e-02
-1.646472513675689697e-02
-7.106910645961761475e-02
-1.276782304048538208e-01
-1.133852154016494751e-01
-7.132133841514587402e-02
-1.897984929382801056e-02
-6.642866134643554688e-02
9.092748165130615234e-03
-8.990469574928283691e-02
-1.134250536561012268e-01
-1.607111394405364990e-01
-1.001701354980468750e-01
-3.593309223651885986e-02
-2.162700295448303223e-01
-6.625321507453918457e-02
-1.589469909667968750e-01
-4.655527323484420776e-02
-7.849979400634765625e-02
-9.270354360342025757e-02
-1.715808361768722534e-01
-1.360758244991302490e-01
-1.738536804914474487e-01
-4.694329947233200073e-02
-7.798121124505996704e-02
1.544302329421043396e-02
3.474596887826919556e-02
3.682339563965797424e-02
-8.436252921819686890e-02
-6.228890269994735718e-02
-2.285695075988769531e-02
-4.848393797874450684e-02
-2.656549215316772461e-03
-4.515782743692398071e-02
-3.199889883399009705e-02
-6.101937592029571533e-02
-1.510482430458068848e-01
-3.441976755857467651e-02
-6.593120843172073364e-02
-7.445992529392242432e-02
-9.740311652421951294e-02
-3.063614666461944580e-02
-1.656030416488647461e-01
-6.095277518033981323e-02
3.948219865560531616e-02
-1.392708867788314819e-01
-1.348289251327514648e-01
-2.012413740158081055e-02
3.042693436145782471e-02
-3.872139751911163330e-02
8.599150180816650391e-02
-3.995864465832710266e-02
-6.979987770318984985e-02
-2.176830917596817017e-02
1.751708611845970154e-02
-1.010179594159126282e-01
1.971371471881866455e-02
-3.221512213349342346e-02
-3.053706325590610504e-02
1.161712706089019775e-01
-8.602666854858398438e-02
1.036657243967056274e-01
-3.594478592276573181e-02
1.133158802986145020e-02
-9.123077243566513062e-02
-1.557811349630355835e-01
-1.356784999370574951e-01
-6.056535243988037109e-02
-2.246551960706710815e-02
-2.786602824926376343e-03
-7.422475516796112061e-02
-5.873934924602508545e-02
1.032423228025436401e-02
-5.485592409968376160e-02
-5.321614444255828857e-02
-1.193965896964073181e-01
-1.073401272296905518e-01
-2.206868976354598999e-01
-1.086627840995788574e-01
-1.759961247444152832e-01
-9.693000465631484985e-02
-9.302683174610137939e-03
-1.483082026243209839e-01
2.305620163679122925e-02
6.464177370071411133e-02
4.492878541350364685e-02
-1.089731231331825256e-01
-9.037241339683532715e-02
-1.604118943214416504e-02
-1.056734099984169006e-01
-3.397785127162933350e-02
-1.214130967855453491e-01
3.560492768883705139e-03
-9.882748126983642578e-03
-1.037617772817611694e-01
-7.630199939012527466e-02
-3.194494172930717468e-02
-1.179092004895210266e-02
-1.046081706881523132e-01
-1.073218584060668945e-01
-9.872210025787353516e-02
-6.984428316354751587e-02
-4.945131391286849976e-02
-1.147575676441192627e-01
-1.516813635826110840e-01
-1.595434993505477905e-01
-8.958789706230163574e-02
9.706397354602813721e-02
-4.254202917218208313e-02
-8.577284216880798340e-02
5.900603532791137695e-02
1.152846962213516235e-03
-3.365390002727508545e-02
-1.867458075284957886e-01
4.116183519363403320e-02
-1.224862486124038696e-01
-1.211113855242729187e-01
-5.925105512142181396e-02
-3.993824124336242676e-02
-1.531655937433242798e-01
-3.124390542507171631e-02
-2.234795875847339630e-02
-5.022931843996047974e-02
1.576415449380874634e-01
-2.018247172236442566e-02
-1.758926734328269958e-02
-1.596545726060867310e-01
8.971795439720153809e-03
-9.857332706451416016e-02
-1.104192510247230530e-01
-2.245027199387550354e-02
-4.302814602851867676e-02
-6.971117109060287476e-02
-1.009522005915641785e-02
-6.328621506690979004e-02
9.993946179747581482e-03
-5.422065407037734985e-02
-6.529895961284637451e-02
-1.199656277894973755e-01
-1.989420652389526367e-01
-2.785235270857810974e-02
-9.026172757148742676e-02
-3.627699986100196838e-02
-9.504117071628570557e-02
-1.000028401613235474e-01
-1.304023712873458862e-02
-7.451698184013366699e-02
-4.985903576016426086e-02
-9.661900997161865234e-02
-8.785218000411987305e-03
-5.380053818225860596e-02
5.955845117568969727e-03
-1.064117699861526489e-01
-1.348925977945327759e-01
-5.197199061512947083e-02
-8.485437184572219849e-02
-1.106151565909385681e-02
-1.187766119837760925e-01
-2.379126399755477905e-01
-1.496813446283340454e-01
-4.982423409819602966e-02
1.690896451473236084e-01
-2.113468647003173828e-01
-7.903704792261123657e-02
-2.312656193971633911e-01
-1.026090234518051147e-02
-7.979556173086166382e-02
-8.266402035951614380e-02
1.073842197656631470e-01
-2.026381194591522217e-01
5.910786986351013184e-02
-1.700221002101898193e-01
4.306341707706451416e-02
-1.059953942894935608e-01
-6.200470775365829468e-02
-6.811852753162384033e-02
-1.509050875902175903e-01
-4.211509600281715393e-02
-1.451486200094223022e-01
-7.620389759540557861e-02
-2.107092738151550293e-02
-1.795255243778228760e-01
-9.022666513919830322e-02
-2.088774889707565308e-01
-1.042662709951400757e-01
-1.109325736761093140e-01
-2.215974032878875732e-02
-2.127583622932434082e-01
-1.146559417247772217e-02
-9.355176985263824463e-02
-8.779935538768768311e-02
-2.226481288671493530e-01
1.655838638544082642e-01
-6.990741193294525146e-02
-5.230194702744483948e-02
-3.472574800252914429e-02
-9.341033548116683960e-02
-4.622191190719604492e-04
-7.675047963857650757e-02
1.484025865793228149e-01
-1.449052393436431885e-01
7.075986266136169434e-02
-8.294282853603363037e-02
-1.617696285247802734e-01
-1.286922395229339600e-02
-4.744055122137069702e-02
-6.542900204658508301e-02
-9.204198420047760010e-02
-1.022593080997467041e-01
-1.069325283169746399e-01
-1.748793758451938629e-02
-2.886471152305603027e-02
-7.218669354915618896e-02
-2.034788578748703003e-02
-1.490891128778457642e-01
3.527119383215904236e-02
4.138448834419250488e-02
-7.876403629779815674e-02
-1.200636699795722961e-01
-7.883436232805252075e-02
2.698976546525955200e-02
-6.135108321905136108e-02
-8.812037110328674316e-02
-1.059728860855102539e-01
-9.792631864547729492e-02
-4.048055782914161682e-02
-6.937521696090698242e-02
5.164582282304763794e-03
-8.300442993640899658e-02
-4.743038862943649292e-02
-7.363471388816833496e-02
-7.173232734203338623e-03
-6.785477697849273682e-02
-1.899259984493255615e-01
-1.560178250074386597e-01
8.655820041894912720e-02
1.201376318931579590e-03
-8.027669042348861694e-02
-9.295944124460220337e-03
-4.656229168176651001e-02
4.251095652580261230e-02
-1.482574641704559326e-02
-8.686150610446929932e-02
5.543038249015808105e-03
-1.740166842937469482e-01
-3.048926591873168945e-03
-1.654179245233535767e-01
-4.010479152202606201e-02
-3.070194274187088013e-02
-1.821305453777313232e-01
-1.859687268733978271e-03
-7.900940626859664917e-02
-3.631150722503662109e-02
-1.042645126581192017e-01
3.309394419193267822e-02
-3.925015404820442200e-02
-4.328832030296325684e-02
-1.058200523257255554e-01
-2.018135786056518555e-01
-7.143592089414596558e-02
-1.335327923297882080e-01
-2.297686487436294556e-01
-8.333239704370498657e-02
-1.155971735715866089e-01
5.286574363708496094e-03
-1.368643939495086670e-01
-1.850891411304473877e-01
-1.123003885149955750e-01
-2.909809350967407227e-03
-1.546990033239126205e-02
6.160353124141693115e-02
5.507330223917961121e-02
-2.140943109989166260e-01
1.072661206126213074e-01
-1.033433824777603149e-01
1.271612346172332764e-01
-6.854151934385299683e-02
-1.016674190759658813e-01
-6.632222235202789307e-02
7.565011829137802124e-02
-6.958329677581787109e-02
-9.942126274108886719e-02
-4.092750698328018188e-02
1.919908076524734497e-02
-1.029388457536697388e-01
-6.607899069786071777e-02
-2.830433845520019531e-02
-8.539637923240661621e-02
-1.569148451089859009e-01
-1.160601302981376648e-01
-7.289391010999679565e-02
-1.359840035438537598e-01
-5.656945705413818359e-02
-6.217449158430099487e-02
-9.175744652748107910e-02
1.547242701053619385e-02
-1.211539283394813538e-02
-2.509151399135589600e-02
-1.483298689126968384e-01
-6.637690216302871704e-02
3.342296928167343140e-02
-1.125679984688758850e-01
-2.386103123426437378e-01
-4.864763841032981873e-02
9.734040498733520508e-02
-8.920931071043014526e-02
-1.724523305892944336e-01
3.109969198703765869e-02
3.189845010638237000e-02
-6.067870929837226868e-02
1.053994894027709961e-02
-4.328047484159469604e-02
-7.628621160984039307e-02
7.546796649694442749e-02
-1.556732654571533203e-01
-1.383484154939651489e-01
-1.333611756563186646e-01
-1.334829777479171753e-01
-9.957739710807800293e-02
-3.692351281642913818e-02
-3.752158209681510925e-02
-5.396571010351181030e-02
-3.415387123823165894e-03
-1.044252887368202209e-02
-6.027671322226524353e-02
-7.557371258735656738e-02
9.191037714481353760e-02
-4.512529820203781128e-02
-6.770036369562149048e-02
8.433331549167633057e-02
-6.820797920227050781e-03
-1.295789331197738647e-01
-1.179852336645126343e-02
-2.860933542251586914e-02
3.830410540103912354e-03
-2.108436077833175659e-02
1.509913057088851929e-02
-3.548900783061981201e-02
-1.198389604687690735e-01
-2.858330681920051575e-02
-1.651606112718582153e-01
-1.787011176347732544e-01
-1.692372858524322510e-01
-1.600169688463211060e-01
4.955881088972091675e-02
1.648128032684326172e-03
1.089388132095336914e-02
-1.257562488317489624e-01
-9.331153333187103271e-02
-7.230803370475769043e-02
-7.531582564115524292e-02
6.155455112457275391e-02
-7.454723119735717773e-02
-5.625814944505691528e-02
-1.537767201662063599e-01
-1.772357076406478882e-01
-2.914687991142272949e-02
-8.353029936552047729e-02
1.293112337589263916e-02
-1.354434937238693237e-01
-8.645416051149368286e-02
-1.384654045104980469e-01
-4.278874024748802185e-02
-5.177859589457511902e-02
-4.882074892520904541e-02
-1.278501749038696289e-02
-1.056483387947082520e-01
-4.294689744710922241e-02
-4.449182748794555664e-02
-1.907972693443298340e-01
-8.967603743076324463e-02
-6.995095312595367432e-02
1.050288230180740356e-02
-1.880894452333450317e-01
-2.857984602451324463e-02
-1.051598936319351196e-01
-2.872780710458755493e-02
-9.981710463762283325e-02
1.750534027814865112e-01
-9.642513096332550049e-02
-8.568759262561798096e-02
-2.385818511247634888e-01
-1.372653990983963013e-01
-4.578195512294769287e-02
-5.724294483661651611e-02
-1.578454673290252686e-01
4.380297660827636719e-02
-1.130507588386535645e-01
-4.062105715274810791e-02
-5.644180625677108765e-02
-1.146910861134529114e-01
-8.452704548835754395e-02
-6.497114896774291992e-02
8.351889252662658691e-02
-1.160293370485305786e-01
3.557044267654418945e-02
-7.707118988037109375e-02
-1.307572722434997559e-01
2.312500029802322388e-02
-6.191966310143470764e-02
-1.685591042041778564e-01
-9.452873468399047852e-02
-3.025095164775848389e-02
-7.043480873107910156e-03
-2.356150373816490173e-02
-2.089069187641143799e-01
-1.455187499523162842e-01
-1.687395125627517700e-01
-1.233097612857818604e-01
-1.118298321962356567e-01
5.977493524551391602e-02
-2.376529276371002197e-01
