1.147778868675231934e+00
2.169474601745605469e+00
1.173685669898986816e+00
3.459007501602172852e+00
1.885634541511535645e+00
2.391724824905395508e+00
4.653503000736236572e-01
1.577771663665771484e+00
3.631145000457763672e+00
1.171137094497680664e+00
3.597473382949829102e+00
1.116290330886840820e+00
2.989907741546630859e+00
2.042111635208129883e+00
2.061662435531616211e+00
1.000416040420532227e+00
1.109444975852966309e+00
8.632167577743530273e-01
2.250015258789062500e+00
8.378344178199768066e-01
4.709212303161621094e+00
4.046900749206542969e+00
1.126896739006042480e+00
3.904000043869018555e+00
9.600269794464111328e-01
7.309069037437438965e-01
7.479780316352844238e-01
3.628737926483154297e+00
5.068081855773925781e+00
1.765558481216430664e+00
2.408075332641601562e+00
3.953929901123046875e+00
3.884764909744262695e+00
1.187801241874694824e+00
4.488648414611816406e+00
1.061174750328063965e+00
2.120790004730224609e+00
9.399020671844482422e-01
3.175879716873168945e+00
5.967193245887756348e-01
9.912717938423156738e-01
8.407794833183288574e-01
1.413289785385131836e+00
1.083939790725708008e+00
4.094560623168945312e+00
3.579924583435058594e+00
4.930156469345092773e-01
2.227164268493652344e+00
1.886765360832214355e+00
2.032553195953369141e+00
1.909317851066589355e+00
3.614733695983886719e+00
9.555560946464538574e-01
2.919277429580688477e+00
5.334759950637817383e-01
2.734605550765991211e+00
2.012610197067260742e+00
8.997208476066589355e-01
2.665251255035400391e+00
1.792550325393676758e+00
3.033861637115478516e+00
4.101000785827636719e+00
3.877402782440185547e+00
2.666941404342651367e+00
1.733330845832824707e+00
1.782451033592224121e+00
2.360365390777587891e+00
3.477078199386596680e+00
7.366521358489990234e-01
5.054685473442077637e-01
2.156816482543945312e+00
8.413614630699157715e-01
1.068579196929931641e+00
3.320388793945312500e+00
2.124353408813476562e+00
6.493915319442749023e-01
1.166267991065979004e+00
1.716253161430358887e+00
2.728557109832763672e+00
3.261073827743530273e+00
1.178238272666931152e+00
6.481228470802307129e-01
1.066762328147888184e+00
1.048150658607482910e+00
2.155781745910644531e+00
3.380830526351928711e+00
3.802820682525634766e+00
7.708719372749328613e-01
2.821541547775268555e+00
2.911386013031005859e+00
1.048698425292968750e+00
2.212988376617431641e+00
1.105655074119567871e+00
1.496692061424255371e+00
1.691079258918762207e+00
2.354193687438964844e+00
2.846493959426879883e+00
3.284546852111816406e+00
2.315717935562133789e+00
6.287580132484436035e-01
1.105056405067443848e+00
2.133580207824707031e+00
3.146171808242797852e+00
1.083677649497985840e+00
8.284363150596618652e-01
1.917811751365661621e+00
1.688743829727172852e+00
1.187641739845275879e+00
1.071427583694458008e+00
1.571120619773864746e+00
1.149974107742309570e+00
9.995128512382507324e-01
4.078499794006347656e+00
3.367460727691650391e+00
2.452563762664794922e+00
2.450516223907470703e+00
1.120949625968933105e+00
1.097950696945190430e+00
5.178450584411621094e+00
2.858370304107666016e+00
1.902302861213684082e+00
2.951189756393432617e+00
1.960690617561340332e+00
9.473289847373962402e-01
2.867508649826049805e+00
2.772058248519897461e+00
4.331301689147949219e+00
1.034068584442138672e+00
1.934387922286987305e+00
3.869614839553833008e+00
3.786469459533691406e+00
3.878816604614257812e+00
2.646794080734252930e+00
1.127897381782531738e+00
3.758693933486938477e+00
3.543050289154052734e+00
1.096680521965026855e+00
3.682518005371093750e+00
2.821270942687988281e+00
3.818372726440429688e+00
2.395673274993896484e+00
1.774130344390869141e+00
9.979223012924194336e-01
1.487600207328796387e+00
1.081526279449462891e+00
1.597980141639709473e+00
2.230807304382324219e+00
2.254302501678466797e+00
4.103851318359375000e+00
4.260853290557861328e+00
2.283012717962265015e-01
8.357887864112854004e-01
2.423640251159667969e+00
3.368619203567504883e+00
1.189346075057983398e+00
1.736553430557250977e+00
1.028179883956909180e+00
1.763107061386108398e+00
1.174898862838745117e+00
4.470406532287597656e+00
2.022424459457397461e+00
2.395726203918457031e+00
2.787103414535522461e+00
4.562463760375976562e+00
1.862183094024658203e+00
1.539144158363342285e+00
5.434194207191467285e-01
3.089427471160888672e+00
1.212586998939514160e+00
3.570241689682006836e+00
4.357934474945068359e+00
1.032107830047607422e+00
1.945894718170166016e+00
5.904185771942138672e-01
1.389630556106567383e+00
2.680463790893554688e+00
1.106191515922546387e+00
7.966428995132446289e-01
1.149953842163085938e+00
1.746590137481689453e+00
2.641520500183105469e+00
3.290130615234375000e+00
4.111303329467773438e+00
3.163647890090942383e+00
4.528084397315979004e-01
3.192839384078979492e+00
3.803845167160034180e+00
3.886564970016479492e+00
1.015059590339660645e+00
3.670107126235961914e+00
7.745484113693237305e-01
4.695887565612792969e+00
1.153867125511169434e+00
3.615065574645996094e+00
1.093823432922363281e+00
2.795250415802001953e+00
2.371509313583374023e+00
2.920021533966064453e+00
1.640366792678833008e+00
2.129216194152832031e+00
3.380427598953247070e+00
4.188180446624755859e+00
1.418373346328735352e+00
3.777940511703491211e+00
2.553901910781860352e+00
1.548340439796447754e+00
4.180541515350341797e+00
4.797511100769042969e+00
3.816261053085327148e+00
3.829097509384155273e+00
3.122041463851928711e+00
4.304947853088378906e-01
1.078930020332336426e+00
2.146312713623046875e+00
3.254226684570312500e+00
2.924989938735961914e+00
2.841808319091796875e+00
3.528120994567871094e+00
5.648357868194580078e-01
5.364251136779785156e+00
6.625959277153015137e-01
1.776518464088439941e+00
4.483170986175537109e+00
4.122860431671142578e+00
1.049199938774108887e+00
3.152296543121337891e+00
1.929836869239807129e+00
1.079851508140563965e+00
2.718697309494018555e+00
1.915744304656982422e+00
1.095105171203613281e+00
1.337477207183837891e+00
6.769523620605468750e-01
2.168009519577026367e+00
1.056945800781250000e+00
1.102321386337280273e+00
3.371443986892700195e+00
3.874296665191650391e+00
3.199298143386840820e+00
3.132341861724853516e+00
3.775357484817504883e+00
1.123553156852722168e+00
3.167700529098510742e+00
4.006543636322021484e+00
3.617721796035766602e+00
2.949322223663330078e+00
3.981212139129638672e+00
3.155840873718261719e+00
2.239486694335937500e+00
6.385392546653747559e-01
1.681624770164489746e+00
1.062576651573181152e+00
2.661357641220092773e+00
1.159337043762207031e+00
7.385915517807006836e-01
3.304260492324829102e+00
1.124980807304382324e+00
3.373556613922119141e+00
6.728032827377319336e-01
4.568016529083251953e+00
1.128141880035400391e+00
3.374022245407104492e+00
4.859594821929931641e+00
1.636177539825439453e+00
3.387792110443115234e+00
3.097058773040771484e+00
9.988369345664978027e-01
8.395956754684448242e-01
3.365395307540893555e+00
3.057317733764648438e+00
1.063516616821289062e+00
3.930419921875000000e+00
1.033780694007873535e+00
9.260040521621704102e-01
1.159616112709045410e+00
3.901406049728393555e+00
3.189160108566284180e+00
2.423514842987060547e+00
1.752624273300170898e+00
2.236491680145263672e+00
4.551766872406005859e+00
2.895867347717285156e+00
1.858162045478820801e+00
2.759583711624145508e+00
2.797737121582031250e+00
1.967609405517578125e+00
3.847249984741210938e+00
5.366322398185729980e-01
1.863073945045471191e+00
2.420908451080322266e+00
6.738101243972778320e-01
3.975311994552612305e+00
4.768309593200683594e+00
1.930654048919677734e+00
1.181513428688049316e+00
3.662320137023925781e+00
1.186778545379638672e+00
1.180163502693176270e+00
1.106691837310791016e+00
2.811246156692504883e+00
9.281984567642211914e-01
3.110886573791503906e+00
3.255677461624145508e+00
3.537215948104858398e+00
1.076775550842285156e+00
2.443665027618408203e+00
3.004929542541503906e+00
9.792608618736267090e-01
3.717689037322998047e+00
9.690810441970825195e-01
1.123875856399536133e+00
2.523838043212890625e+00
1.739301919937133789e+00
3.511484861373901367e+00
3.101896286010742188e+00
2.812138557434082031e+00
2.918721437454223633e+00
1.721109151840209961e+00
9.141424894332885742e-01
3.121211051940917969e+00
1.806996464729309082e+00
3.904498577117919922e+00
3.020218849182128906e+00
2.737323284149169922e+00
2.444559097290039062e+00
3.790587425231933594e+00
1.166542887687683105e+00
2.427040100097656250e+00
1.046895384788513184e+00
1.146117329597473145e+00
2.217106342315673828e+00
3.977465152740478516e+00
2.902230739593505859e+00
2.336648941040039062e+00
1.186714410781860352e+00
3.244534015655517578e+00
3.714430332183837891e+00
2.386503696441650391e+00
3.150559663772583008e+00
4.523917198181152344e+00
2.050829648971557617e+00
2.779923439025878906e+00
1.031870126724243164e+00
2.288992881774902344e+00
2.450536727905273438e+00
4.666853904724121094e+00
9.420898556709289551e-01
4.542216777801513672e+00
3.336102485656738281e+00
3.704967021942138672e+00
2.800475835800170898e+00
6.411936283111572266e-01
8.709359765052795410e-01
1.096363782882690430e+00
3.825443089008331299e-01
3.299702167510986328e+00
3.190796852111816406e+00
5.960696935653686523e-01
9.738709926605224609e-01
3.175232887268066406e+00
2.792903184890747070e+00
1.097071528434753418e+00
3.174651384353637695e+00
2.596051454544067383e+00
9.327777624130249023e-01
3.127311468124389648e+00
3.726770401000976562e+00
1.198289871215820312e+00
2.155210256576538086e+00
2.471715211868286133e+00
4.094243049621582031e+00
5.052575111389160156e+00
1.155418157577514648e+00
2.656290769577026367e+00
9.137844443321228027e-01
5.120705604553222656e+00
2.831209659576416016e+00
1.833143115043640137e+00
4.333708763122558594e+00
1.295338273048400879e+00
6.025199294090270996e-01
9.595283269882202148e-01
6.536484360694885254e-01
9.538853764533996582e-01
2.480618476867675781e+00
7.069457173347473145e-01
2.779827833175659180e+00
2.451272726058959961e+00
1.185540437698364258e+00
2.804280281066894531e+00
3.098472833633422852e+00
7.658683061599731445e-01
6.505049467086791992e-01
2.100554466247558594e+00
3.409798145294189453e+00
2.253997087478637695e+00
1.875720143318176270e+00
1.120499610900878906e+00
2.297759056091308594e+00
9.903906583786010742e-01
3.380491018295288086e+00
4.522708892822265625e+00
1.719260334968566895e+00
3.164736986160278320e+00
2.712224960327148438e+00
3.591500759124755859e+00
2.851769685745239258e+00
1.099358081817626953e+00
3.697982788085937500e+00
2.272888183593750000e+00
2.480053424835205078e+00
9.891771078109741211e-01
1.860776782035827637e+00
1.182356715202331543e+00
3.162530660629272461e+00
3.270595312118530273e+00
1.118798136711120605e+00
2.454993247985839844e+00
2.098207473754882812e+00
3.710277795791625977e+00
4.621539115905761719e+00
1.196285009384155273e+00
3.751810550689697266e+00
1.039122939109802246e+00
3.952637910842895508e+00
1.149712920188903809e+00
1.152346611022949219e+00
5.634130239486694336e-01
1.985183954238891602e+00
3.478191852569580078e+00
3.761715888977050781e+00
2.540233612060546875e+00
3.842071294784545898e+00
2.769939661026000977e+00
3.214617252349853516e+00
3.094022512435913086e+00
1.053298473358154297e+00
3.470553398132324219e+00
1.164680361747741699e+00
1.170688390731811523e+00
1.509964466094970703e+00
1.188746452331542969e+00
2.346529006958007812e+00
4.066008090972900391e+00
7.567422986030578613e-01
7.167810797691345215e-01
2.981306910514831543e-01
2.660702466964721680e+00
3.145878314971923828e+00
1.093345642089843750e+00
3.334492683410644531e+00
7.994620203971862793e-01
3.631387472152709961e+00
2.398151636123657227e+00
1.114282727241516113e+00
2.441281080245971680e+00
5.047676086425781250e+00
8.527495265007019043e-01
2.632661819458007812e+00
8.181540369987487793e-01
2.093199729919433594e+00
1.149802327156066895e+00
3.821798324584960938e+00
9.764542579650878906e-01
9.243828654289245605e-01
2.696818113327026367e+00
1.771423935890197754e+00
1.050589799880981445e+00
1.036597728729248047e+00
3.954502820968627930e+00
1.388235092163085938e+00
2.575166225433349609e+00
3.181460618972778320e+00
8.776828646659851074e-01
4.537341117858886719e+00
2.927049636840820312e+00
3.597616672515869141e+00
9.958232045173645020e-01
3.473766565322875977e+00
8.151368498802185059e-01
3.194880485534667969e+00
9.854865074157714844e-01
5.889946818351745605e-01
3.241606712341308594e+00
3.462183237075805664e+00
6.315131783485412598e-01
1.188481688499450684e+00
2.136404991149902344e+00
7.315347790718078613e-01
1.145516276359558105e+00
4.186052322387695312e+00
4.880531311035156250e+00
2.571760416030883789e+00
1.140208721160888672e+00
2.370275259017944336e+00
1.942462682723999023e+00
3.591009616851806641e+00
4.416724145412445068e-01
3.923582553863525391e+00
9.680883884429931641e-01
2.615474462509155273e+00
3.448173999786376953e+00
1.438488364219665527e+00
1.056903123855590820e+00
8.444386720657348633e-01
3.751526355743408203e+00
8.889423608779907227e-01
2.568913936614990234e+00
1.154788255691528320e+00
1.993776082992553711e+00
3.709184408187866211e+00
3.258645534515380859e+00
3.237604379653930664e+00
3.926197528839111328e+00
1.836150288581848145e+00
5.348094105720520020e-01
2.297306358814239502e-01
2.361905813217163086e+00
1.071260690689086914e+00
1.535327911376953125e+00
3.751190662384033203e+00
2.871768474578857422e+00
3.108463048934936523e+00
1.387874245643615723e+00
2.735589504241943359e+00
3.776123046875000000e+00
2.759888648986816406e+00
4.026226997375488281e+00
1.027583360671997070e+00
2.064601182937622070e+00
3.008830070495605469e+00
7.855849266052246094e-01
3.313711643218994141e+00
3.113912820816040039e+00
3.745381593704223633e+00
4.188166141510009766e+00
3.979607105255126953e+00
1.904624104499816895e+00
1.318223357200622559e+00
3.854568719863891602e+00
4.250920295715332031e+00
2.439305782318115234e+00
2.353234767913818359e+00
4.495677053928375244e-01
1.615584373474121094e+00
1.183188319206237793e+00
7.420787811279296875e-01
1.055794954299926758e+00
3.544527530670166016e+00
1.902912020683288574e+00
4.264174461364746094e+00
2.880325615406036377e-01
8.920490741729736328e-01
2.700713872909545898e+00
3.847931385040283203e+00
2.699046134948730469e+00
2.959833383560180664e+00
2.093303918838500977e+00
2.050623893737792969e+00
2.160417318344116211e+00
4.682573318481445312e+00
9.513114094734191895e-01
2.113882303237915039e-01
1.437539815902709961e+00
9.822016954421997070e-01
1.883463144302368164e+00
1.513055324554443359e+00
2.393379211425781250e+00
2.882270812988281250e+00
1.064591765403747559e+00
1.105957269668579102e+00
1.990146517753601074e+00
1.946880459785461426e+00
1.818866133689880371e+00
4.020344257354736328e+00
2.216901779174804688e+00
3.492507696151733398e+00
2.065709590911865234e+00
1.009094119071960449e+00
2.114427566528320312e+00
2.030157089233398438e+00
4.243420600891113281e+00
1.159655094146728516e+00
2.712429761886596680e+00
2.631119966506958008e+00
2.322294235229492188e+00
4.902989566326141357e-01
1.105425000190734863e+00
2.353025197982788086e+00
3.757781982421875000e+00
2.973243713378906250e+00
3.433804273605346680e+00
4.046134948730468750e+00
1.193443298339843750e+00
2.683543682098388672e+00
3.663697242736816406e+00
3.925052404403686523e+00
1.163886189460754395e+00
1.586296319961547852e+00
3.253444433212280273e+00
3.727125823497772217e-01
3.645620346069335938e+00
1.160345792770385742e+00
1.090821266174316406e+00
2.748336553573608398e+00
9.400067925453186035e-01
9.666995406150817871e-01
2.070489168167114258e+00
6.572813987731933594e-01
2.864534616470336914e+00
2.302727937698364258e+00
7.552537918090820312e-01
5.637221336364746094e-01
2.616272687911987305e+00
4.304025173187255859e+00
2.499597072601318359e+00
4.370087623596191406e+00
1.852152585983276367e+00
6.562435030937194824e-01
3.511589527130126953e+00
1.095815539360046387e+00
2.437480926513671875e+00
4.661139965057373047e+00
3.894665241241455078e+00
9.750578403472900391e-01
3.848056077957153320e+00
2.166379928588867188e+00
3.235271215438842773e+00
1.163251519203186035e+00
1.137270689010620117e+00
3.394017696380615234e+00
4.236965179443359375e+00
9.862656593322753906e-01
4.233819007873535156e+00
4.050310134887695312e+00
9.142374396324157715e-01
3.033130168914794922e+00
2.901273727416992188e+00
3.891361713409423828e+00
2.907509565353393555e+00
1.129387974739074707e+00
4.204908370971679688e+00
1.093567848205566406e+00
8.750402331352233887e-01
9.051703214645385742e-01
2.284746408462524414e+00
3.292486429214477539e+00
3.016615152359008789e+00
2.100380420684814453e+00
3.713056087493896484e+00
3.059531927108764648e+00
2.698205947875976562e+00
3.988154888153076172e+00
2.965598583221435547e+00
2.672629117965698242e+00
1.995448946952819824e+00
1.166469931602478027e+00
2.840283155441284180e+00
2.848584890365600586e+00
1.096345424652099609e+00
4.044786930084228516e+00
9.944807291030883789e-01
2.673936605453491211e+00
2.965042591094970703e+00
2.212450504302978516e+00
1.211451411247253418e+00
3.163030862808227539e+00
4.864942550659179688e+00
3.514340877532958984e+00
2.375362634658813477e+00
1.822078227996826172e+00
3.895632982254028320e+00
3.422165870666503906e+00
9.941425323486328125e-01
2.558367252349853516e+00
1.703072905540466309e+00
4.172999382019042969e+00
1.094534873962402344e+00
6.013504862785339355e-01
1.125611782073974609e+00
2.049038410186767578e+00
2.407249927520751953e+00
7.400538325309753418e-01
9.587587118148803711e-01
2.530345201492309570e+00
7.864384055137634277e-01
5.321348190307617188e+00
1.981897354125976562e+00
1.551798939704895020e+00
8.716030120849609375e-01
1.105192422866821289e+00
3.343789339065551758e+00
1.155813574790954590e+00
8.769854307174682617e-01
4.186211109161376953e+00
1.681385397911071777e+00
1.899937391281127930e+00
1.121845483779907227e+00
2.619478404521942139e-01
7.056621909141540527e-01
3.458550930023193359e+00
1.843741655349731445e+00
2.606787204742431641e+00
2.332405567169189453e+00
7.035651206970214844e-01
1.118916988372802734e+00
6.828549504280090332e-01
4.003339290618896484e+00
8.484659790992736816e-01
9.511345624923706055e-01
2.328934907913208008e+00
3.836381912231445312e+00
3.987933158874511719e+00
1.184554696083068848e+00
2.989283800125122070e+00
3.383241653442382812e+00
1.119960904121398926e+00
1.100651502609252930e+00
1.074620962142944336e+00
4.150487422943115234e+00
3.861600399017333984e+00
1.700639128684997559e+00
3.045147657394409180e+00
4.616919040679931641e+00
2.687174558639526367e+00
9.677775502204895020e-01
2.273449182510375977e+00
2.711344242095947266e+00
2.779588460922241211e+00
1.932756781578063965e+00
2.913214921951293945e+00
2.329829216003417969e+00
7.074132561683654785e-01
7.677430510520935059e-01
6.079791188240051270e-01
1.195922017097473145e+00
1.167581081390380859e+00
4.280644893646240234e+00
3.114890813827514648e+00
1.372608989477157593e-01
2.198417425155639648e+00
6.453294157981872559e-01
4.115931987762451172e+00
1.188927173614501953e+00
1.138169646263122559e+00
4.112475395202636719e+00
2.090072393417358398e+00
2.304373979568481445e+00
1.022860765457153320e+00
3.350582122802734375e+00
2.431892156600952148e+00
2.600440740585327148e+00
9.572401642799377441e-01
1.039070844650268555e+00
4.240530014038085938e+00
1.531224131584167480e+00
8.432064652442932129e-01
1.069462776184082031e+00
1.097826480865478516e+00
2.265739202499389648e+00
3.066496849060058594e+00
1.106969356536865234e+00
1.293198466300964355e+00
2.697237253189086914e+00
5.711300969123840332e-01
3.929910421371459961e+00
2.561035156250000000e+00
4.072707653045654297e+00
6.624980568885803223e-01
5.901522040367126465e-01
2.120190620422363281e+00
2.908669948577880859e+00
6.494326591491699219e-01
3.532291412353515625e+00
4.190536975860595703e+00
2.498307943344116211e+00
6.335679888725280762e-01
1.900908708572387695e+00
3.091962814331054688e+00
1.023021340370178223e+00
8.875029683113098145e-01
6.248080134391784668e-01
3.588273763656616211e+00
3.721591949462890625e+00
5.109942436218261719e+00
4.168636322021484375e+00
9.523172378540039062e-01
2.476725101470947266e+00
4.060412406921386719e+00
3.036221504211425781e+00
9.796600341796875000e-01
3.976747035980224609e+00
9.888451099395751953e-01
4.373201847076416016e+00
3.656362891197204590e-01
1.441918373107910156e+00
1.587285161018371582e+00
1.539921045303344727e+00
1.045677423477172852e+00
3.680718898773193359e+00
1.034606218338012695e+00
4.528732299804687500e-01
3.364946842193603516e+00
2.642960548400878906e+00
2.370634794235229492e+00
2.742165803909301758e+00
9.855407476425170898e-01
1.133349657058715820e+00
1.446144223213195801e+00
1.189388871192932129e+00
1.169783711433410645e+00
3.470297813415527344e+00
2.061509847640991211e+00
2.022039413452148438e+00
1.284273862838745117e+00
9.911504983901977539e-01
1.712912797927856445e+00
2.690002679824829102e+00
2.177539587020874023e+00
1.087687492370605469e+00
3.076237201690673828e+00
2.256938457489013672e+00
3.885676622390747070e+00
9.499298930168151855e-01
2.140390872955322266e+00
3.441366195678710938e+00
1.134766340255737305e+00
1.131071209907531738e+00
1.056870698928833008e+00
3.230852603912353516e+00
8.039983510971069336e-01
9.421166181564331055e-01
2.606308221817016602e+00
1.683737158775329590e+00
9.171905517578125000e-01
4.909851253032684326e-01
5.306128859519958496e-01
3.694820404052734375e+00
4.339143753051757812e+00
1.386151432991027832e+00
1.172266125679016113e+00
9.991590976715087891e-01
6.572363376617431641e-01
1.721493482589721680e+00
3.686007261276245117e+00
9.970787167549133301e-01
9.192801713943481445e-01
1.094855189323425293e+00
5.013776421546936035e-01
8.680397272109985352e-01
2.539313077926635742e+00
1.704431772232055664e+00
1.677553892135620117e+00
1.055755972862243652e+00
2.082552671432495117e+00
2.930782318115234375e+00
1.704975724220275879e+00
2.367041110992431641e+00
4.305125713348388672e+00
2.512001276016235352e+00
3.698194503784179688e+00
1.760503172874450684e+00
9.530153870582580566e-01
3.080222845077514648e+00
3.519920587539672852e+00
2.592866897583007812e+00
1.158758401870727539e+00
1.193279862403869629e+00
1.017806768417358398e+00
1.506337523460388184e-01
3.858491182327270508e+00
8.196315765380859375e-01
9.938642978668212891e-01
1.613864421844482422e+00
1.464540123939514160e+00
1.829321026802062988e+00
2.053359031677246094e+00
1.427734851837158203e+00
2.376055240631103516e+00
3.493760585784912109e+00
8.587285280227661133e-01
3.038318872451782227e+00
1.494342088699340820e+00
2.800780534744262695e+00
9.205920100212097168e-01
3.889099359512329102e+00
3.546357870101928711e+00
2.061302900314331055e+00
4.411035537719726562e+00
2.205400466918945312e+00
1.093311190605163574e+00
9.916465282440185547e-01
9.066744446754455566e-01
3.820156812667846680e+00
1.879337131977081299e-01
1.199982404708862305e+00
8.030789494514465332e-01
3.307307243347167969e+00
1.517423272132873535e+00
2.920686006546020508e+00
3.770118474960327148e+00
1.046170234680175781e+00
2.777171134948730469e+00
1.093721270561218262e+00
4.336544990539550781e+00
2.428302764892578125e+00
1.980500578880310059e+00
3.273363590240478516e+00
3.271017551422119141e+00
2.289188385009765625e+00
9.386321306228637695e-01
3.949143886566162109e+00
2.838502645492553711e+00
2.551401853561401367e+00
7.485024929046630859e-01
1.145368933677673340e+00
3.979588031768798828e+00
3.328609466552734375e+00
7.561017274856567383e-01
6.867035031318664551e-01
8.959028720855712891e-01
1.034489035606384277e+00
3.100275039672851562e+00
8.883214592933654785e-01
2.441427946090698242e+00
1.129534959793090820e+00
2.166323900222778320e+00
2.338983535766601562e+00
1.149592161178588867e+00
1.268524050712585449e+00
9.469217061996459961e-01
2.690732002258300781e+00
6.216072440147399902e-01
1.181424498558044434e+00
2.816257715225219727e+00
1.152819991111755371e+00
2.576352119445800781e+00
1.553948521614074707e+00
7.551454901695251465e-01
6.297645568847656250e-01
2.761895895004272461e+00
2.198642015457153320e+00
1.059638142585754395e+00
1.504987478256225586e+00
2.674142599105834961e+00
4.327386856079101562e+00
1.603599071502685547e+00
1.127172112464904785e+00
2.247973203659057617e+00
9.347516894340515137e-01
1.165363550186157227e+00
2.079722642898559570e+00
2.679139137268066406e+00
3.215467691421508789e+00
2.825211524963378906e+00
3.518808126449584961e+00
2.447729825973510742e+00
3.930796146392822266e+00
2.639499187469482422e+00
1.173967361450195312e+00
4.010258674621582031e+00
4.526119709014892578e+00
2.782505750656127930e+00
2.686938762664794922e+00
1.179302334785461426e+00
1.720084905624389648e+00
2.216299772262573242e+00
1.869915127754211426e+00
3.271561622619628906e+00
5.368295907974243164e-01
2.016987562179565430e+00
3.768917083740234375e+00
5.662657618522644043e-01
2.439371585845947266e+00
3.813304185867309570e+00
8.932424783706665039e-01
2.803954124450683594e+00
1.146031975746154785e+00
1.111966371536254883e+00
9.915074706077575684e-01
4.085144519805908203e+00
8.786991238594055176e-01
1.133308887481689453e+00
1.108824014663696289e+00
2.321613788604736328e+00
3.982750654220581055e+00
1.671366572380065918e+00
2.853629112243652344e+00
2.263242244720458984e+00
2.240553617477416992e+00
3.350391387939453125e+00
1.073751211166381836e+00
2.418537139892578125e+00
7.758204340934753418e-01
2.795400142669677734e+00
2.188468933105468750e+00
3.623055458068847656e+00
2.866788387298583984e+00
8.127800226211547852e-01
2.260412931442260742e+00
3.606486082077026367e+00
6.823961734771728516e-01
9.714396595954895020e-01
7.212176322937011719e-01
8.217671513557434082e-01
5.221294164657592773e-01
3.453002929687500000e+00
2.779786825180053711e+00
3.883633375167846680e+00
9.705738425254821777e-01
1.564605712890625000e+00
4.974249839782714844e+00
3.723495721817016602e+00
3.379650115966796875e+00
3.329884052276611328e+00
2.844492435455322266e+00
1.044917702674865723e+00
2.203137397766113281e+00
3.261868476867675781e+00
2.734622001647949219e+00
3.860884904861450195e+00
1.052012205123901367e+00
3.168138504028320312e+00
1.010027170181274414e+00
2.417992353439331055e+00
9.966807961463928223e-01
7.168694138526916504e-01
4.453788757324218750e+00
2.692049503326416016e+00
2.422818183898925781e+00
1.120725035667419434e+00
2.991222858428955078e+00
2.559322595596313477e+00
9.085657000541687012e-01
2.418906450271606445e+00
1.093569517135620117e+00
7.525041699409484863e-01
4.522411346435546875e+00
3.417048931121826172e+00
2.197815179824829102e+00
3.153685808181762695e+00
3.333363294601440430e+00
3.872667312622070312e+00
1.064855098724365234e+00
3.409420251846313477e+00
2.915069818496704102e+00
2.417512178421020508e+00
1.821374416351318359e+00
1.044628381729125977e+00
2.219676494598388672e+00
1.154222965240478516e+00
1.190257310867309570e+00
2.343623399734497070e+00
2.143288135528564453e+00
3.717446327209472656e+00
1.552479267120361328e+00
2.396888017654418945e+00
2.119248390197753906e+00
1.088382005691528320e+00
5.493832111358642578e+00
3.535113573074340820e+00
8.787263035774230957e-01
1.026233196258544922e+00
3.425060033798217773e+00
3.513080120086669922e+00
4.459462642669677734e+00
1.048274874687194824e+00
1.077491044998168945e+00
1.185762524604797363e+00
3.182714939117431641e+00
2.944292545318603516e+00
6.683824062347412109e-01
2.689523696899414062e+00
1.160277962684631348e+00
3.049180507659912109e+00
3.615849971771240234e+00
2.601951837539672852e+00
3.954093933105468750e+00
3.771031379699707031e+00
1.618137598037719727e+00
9.797993302345275879e-01
8.004618883132934570e-01
3.256638288497924805e+00
1.952233314514160156e+00
3.286045312881469727e+00
1.047544240951538086e+00
3.311281442642211914e+00
1.085189104080200195e+00
3.688902378082275391e+00
1.147533893585205078e+00
9.942870140075683594e-01
2.749180793762207031e+00
2.457464456558227539e+00
2.407890796661376953e+00
3.216396570205688477e+00
9.846495389938354492e-01
4.326265335083007812e+00
1.072478532791137695e+00
1.062068700790405273e+00
2.779108524322509766e+00
8.886485099792480469e-01
3.501386165618896484e+00
8.541442155838012695e-01
1.929356932640075684e+00
2.123534679412841797e+00
2.135555982589721680e+00
2.263446331024169922e+00
9.506922960281372070e-01
3.965021133422851562e+00
2.314968824386596680e+00
4.223464012145996094e+00
2.575970172882080078e+00
3.528872966766357422e+00
1.001323580741882324e+00
8.611165285110473633e-01
3.055085420608520508e+00
3.536204099655151367e+00
3.052301168441772461e+00
6.457676291465759277e-01
2.861857652664184570e+00
2.951356172561645508e+00
1.193116307258605957e+00
2.739088535308837891e+00
2.510834693908691406e+00
1.897198915481567383e+00
3.364356279373168945e+00
6.020722389221191406e-01
3.733779430389404297e+00
1.683318853378295898e+00
2.298151731491088867e+00
2.475004196166992188e+00
1.539839148521423340e+00
2.132980346679687500e+00
7.767372727394104004e-01
1.185852408409118652e+00
3.956453084945678711e+00
2.125997066497802734e+00
1.178324460983276367e+00
3.323409557342529297e-01
1.632390379905700684e+00
3.252517700195312500e+00
2.111466407775878906e+00
3.624822854995727539e+00
1.149552941322326660e+00
3.440010786056518555e+00
1.279535174369812012e+00
1.884009599685668945e+00
2.563481569290161133e+00
8.282485604286193848e-01
3.096801757812500000e+00
2.811800956726074219e+00
3.032931566238403320e+00
3.457229375839233398e+00
9.287853240966796875e-01
2.521484375000000000e+00
3.241603136062622070e+00
2.204454898834228516e+00
2.150023937225341797e+00
2.673344850540161133e+00
3.376101255416870117e+00
5.459865927696228027e-01
4.163541793823242188e+00
8.622079491615295410e-01
1.191343069076538086e+00
6.470204591751098633e-01
1.098959684371948242e+00
7.256789803504943848e-01
1.237705707550048828e+00
1.944126963615417480e+00
1.156255245208740234e+00
1.088365674018859863e+00
1.187584996223449707e+00
2.200134992599487305e+00
2.311263799667358398e+00
2.573767185211181641e+00
1.680253148078918457e+00
7.531657218933105469e-01
1.583832740783691406e+00
2.609349250793457031e+00
1.514178633689880371e+00
9.990047812461853027e-01
2.735164642333984375e+00
8.612276315689086914e-01
1.674187302589416504e+00
3.524919748306274414e+00
3.863326311111450195e+00
2.361961364746093750e+00
3.618132352828979492e+00
2.455118894577026367e+00
2.044635057449340820e+00
2.723159313201904297e+00
1.796055197715759277e+00
1.169387817382812500e+00
7.274371981620788574e-01
1.854373216629028320e+00
3.001406669616699219e+00
3.021732330322265625e+00
2.507605075836181641e+00
1.595357537269592285e+00
2.972748994827270508e+00
3.273343145847320557e-01
1.988846421241760254e+00
1.160559296607971191e+00
1.110589623451232910e+00
2.702893257141113281e+00
2.432751178741455078e+00
1.163139462471008301e+00
2.784569263458251953e+00
2.879741668701171875e+00
3.910153865814208984e+00
3.145557880401611328e+00
3.059584379196166992e+00
2.483952522277832031e+00
7.542250752449035645e-01
3.832535505294799805e+00
8.988689184188842773e-01
3.010387659072875977e+00
2.685076475143432617e+00
7.399889230728149414e-01
2.943824291229248047e+00
2.285345345735549927e-01
3.055791139602661133e+00
1.125501275062561035e+00
2.134817600250244141e+00
3.847479581832885742e+00
1.171025037765502930e+00
2.769149303436279297e+00
4.478494644165039062e+00
4.124194622039794922e+00
2.038470983505249023e+00
2.094208717346191406e+00
2.912424325942993164e+00
7.959356904029846191e-01
3.543896198272705078e+00
1.654634356498718262e+00
1.121117591857910156e+00
2.178057193756103516e+00
2.904104709625244141e+00
2.164420843124389648e+00
3.193716049194335938e+00
2.123585462570190430e+00
3.257239580154418945e+00
1.527162551879882812e+00
3.788790225982666016e+00
1.166627764701843262e+00
9.361853003501892090e-01
3.339973688125610352e+00
7.972398400306701660e-01
2.391866683959960938e+00
3.380121231079101562e+00
3.955504894256591797e+00
2.155824184417724609e+00
7.991274595260620117e-01
2.394121408462524414e+00
8.866306543350219727e-01
1.387200474739074707e+00
2.137147426605224609e+00
1.185789585113525391e+00
1.129921078681945801e+00
1.161397695541381836e+00
4.589125633239746094e+00
2.077203035354614258e+00
3.267533302307128906e+00
1.146907567977905273e+00
9.015782475471496582e-01
7.039092779159545898e-01
2.266342163085937500e+00
1.695340156555175781e+00
1.329887270927429199e+00
3.610417842864990234e+00
8.760876655578613281e-01
3.721351623535156250e+00
1.040620923042297363e+00
1.234602928161621094e+00
6.369706392288208008e-01
1.518101572990417480e+00
3.355340719223022461e+00
8.532492518424987793e-01
2.545473098754882812e+00
3.002914190292358398e+00
1.858075618743896484e+00
3.975631237030029297e+00
3.328926086425781250e+00
1.567433714866638184e+00
3.752686500549316406e+00
9.605366587638854980e-01
4.404142379760742188e+00
2.244014501571655273e+00
1.030270099639892578e+00
1.308159470558166504e+00
2.180053710937500000e+00
1.040457725524902344e+00
9.068679213523864746e-01
1.064230799674987793e+00
3.192920446395874023e+00
2.227161884307861328e+00
3.114041090011596680e+00
2.214037179946899414e+00
1.140335679054260254e+00
3.462869167327880859e+00
7.866057753562927246e-01
2.195492744445800781e+00
3.337649583816528320e+00
5.724523067474365234e-01
1.177151560783386230e+00
8.711227774620056152e-01
3.704097270965576172e+00
3.644344329833984375e+00
2.737716197967529297e+00
1.005528688430786133e+00
8.969298005104064941e-01
8.670191764831542969e-01
1.263312101364135742e+00
1.153895854949951172e+00
1.720780253410339355e+00
1.367630720138549805e+00
