-3.465546470480039716e+02
-4.837801076125469990e+02
-1.006682137493044138e+00
-2.555675734003889374e+02
-8.062107698864419945e+02
-6.566913955188356340e+02
-1.236499337479472160e+00
-5.137924028760171495e+02
-5.581266772061194388e+02
3.007560670375823975e-01
-5.302743501846780418e+02
-4.418993631709599867e+01
-3.505942462239181623e+01
-4.651835951269640645e+02
-7.057312967257021228e+02
-6.017913892120122910e+01
9.924581881309859455e+01
9.002223113086074591e+01
7.101760025309431512e+01
-1.122468587569892406e+01
-2.250397471106844023e+02
-3.954479521751636639e+02
-1.291790850728284568e+01
-6.397198173365322873e+02
-1.671096886387949780e+02
-3.857144518966379110e+02
9.022085999697446823e+01
-2.814617933994159102e+02
-7.896045197536004707e+02
-4.341930879339925013e+02
-4.936503600458527217e+02
-3.512686538808484329e+02
-3.954653132035746239e+02
-3.023020480200648308e+01
-2.057636074859765358e+02
-1.146847343789413571e+02
-2.055801915756892413e+02
-8.265311443572863936e+01
-4.167342365489912481e+02
-1.568099884437397122e+02
-2.513265765716787428e+02
-1.534466631710529327e-01
-6.127132298862561584e+02
-9.338959630578756332e+00
-4.379383107622124953e+02
-4.765233509479148779e+02
-7.222192924143746495e+01
-4.322399263788829558e+02
-5.745111700331617612e+02
-5.346760079367959406e+02
-5.880044226121972315e+02
-2.522098543640854587e+02
-8.806335020624101162e+01
-2.993609600245254114e+02
-1.175774337351322174e+01
-4.989066659310628893e+02
-4.549724430419664714e+02
-2.127355174627155066e+01
-3.861959620758425444e+02
-4.970627810487349052e+02
-1.713410752882482484e+02
-6.567385879554785788e+02
-4.358713902104937006e+02
-4.484844189553987235e+02
-6.114620390090130968e+02
-5.369675158737227321e+02
-4.527618804002122488e+02
-5.881710888880770653e+02
-1.034041566401720047e+01
-5.396030664362479001e+01
-5.343905808349372819e+02
-1.075992613714188337e+02
6.779531840817071497e+01
-4.097492674095847178e+02
-3.686894847622024827e+02
-2.374327308498322964e-01
-4.125590265253558755e+02
-3.979747452329029329e+02
-3.569354075331357308e+02
-6.892927275991532952e+02
-3.465370301762595773e+02
-7.408806933125015348e+01
-3.358457731627859175e+02
7.991348001919686794e+01
-2.767441856538498541e+02
-7.167732202413026243e+02
-6.066320657166488672e+02
-9.432690309360623360e+01
-5.950189421944087371e+02
-1.251468438033189159e+02
-4.186886385362595320e+01
-4.595073450038325973e+02
-1.952259469189448282e+02
-4.183597691071918234e+02
-2.346380124344723299e+02
-4.998387664298934396e+02
-5.053135382704203948e+02
-7.058883174455986591e+02
-4.508005621364136459e+02
-9.529187701642513275e+00
2.150638842373155057e+01
-4.968267381034675054e+02
-6.150883896902287233e+02
-1.135664336410118267e+02
1.003284602705389261e+02
-3.936334256257396191e+02
-4.311858354011783376e+02
-8.234373490931466222e+01
1.004594808481633663e+02
-4.819279286552336998e+02
-1.461939564030617476e+02
8.890357822831720114e+01
-1.728529339681845158e+02
-4.209632586934603751e+02
-5.895561216724454425e+02
-6.585638503314694390e+02
-1.344445218896726146e+02
-6.040880621847463772e+00
-1.328169252001098357e+02
-6.960556212382616650e+02
-5.785789996516105020e+02
-6.480081844042288139e+02
-2.192194566482794471e+02
-3.109716488514095545e+01
-2.848791011823195731e+02
-7.950765770045109093e+01
-6.408581616226583719e+02
-6.286252683855127543e+01
-1.982798510589782381e+01
-5.879268124856898794e+02
-4.517322423494151735e+02
-5.156302280141389929e+02
-3.059941313709132373e+02
-3.120137882418930531e+01
-4.102332615557243116e+02
-3.796815480731311254e+02
-9.682124763727188110e+00
-4.946121055007679388e+02
-5.114296627909188828e+02
-5.167776572025322821e+02
-3.340157670033950126e+02
-7.577953845231968444e+02
-9.525309190154075623e+00
-3.500358749279985204e+02
-3.076432877266779542e+01
-7.867452838880126365e+01
-6.017113880715332925e+02
-3.451879642761559808e+02
-2.995790533454273827e+02
-2.678412986438634107e+02
-3.008091592090204358e+01
-4.399274119199253619e+01
-3.002461711685173213e+02
-2.823467262623380520e+02
-1.115838541907723993e+02
-4.450490325434366241e+02
-7.924324199557304382e-01
-3.837506648256530752e+02
-4.964909182985502412e+02
-2.063923514430643991e+02
-4.686977544541005045e+02
-4.917162609863335092e+02
-4.772881244177406188e+02
-4.769884431899408810e+02
-3.657007116162858438e+02
-4.965161348959081806e+02
-3.092703750729560852e+01
-2.852427885790821165e+02
-9.397818762120550673e+01
-6.297645051449362654e+02
-5.522126623937510885e+02
-4.066619840450584888e-01
-3.538068171273043845e+02
-1.036760572344064713e+00
-2.086388352860230953e+02
-5.417702491845702752e+02
-5.311656816233880818e+01
8.892617810890078545e+01
9.042324202507734299e+01
-2.622416610582440626e+02
-4.154882443758324371e+02
-5.593014775729971007e+02
-4.040710149710648693e+02
-4.348946119848988019e+02
-1.080671889707446098e+01
-2.745290357707999647e+02
-3.154652068006053014e+02
-3.881324111435242230e+02
-2.118730635643005371e+02
-3.752398063181899488e+02
-1.226504582408233546e+01
-1.688408996649668552e+02
-1.304092699876055121e+02
-3.375451706736930646e+02
-3.414412403642199934e+01
2.048475259315455332e+01
-2.010183059521950781e+02
-4.433579138559289277e+02
-5.829705998741555959e+02
-4.402089796547079459e+02
-6.026083436975895893e+02
-5.156372401851331233e+02
-2.860327222973573953e+02
-6.215753100145520875e+02
-3.988007452497122358e+02
-4.918646110084373504e+02
-2.740683384843287058e+02
-5.809185168102849275e+02
-3.028474137998418882e+02
-1.971805718883406371e+02
-3.633655484748887829e+02
-4.100476009026169777e+01
-9.994274750043405220e+01
-1.853418548156041652e+02
-4.015007928165141493e+02
-2.181432939634541981e+02
-4.696890866189787630e+02
-3.545066400331270415e+02
1.638950980268418789e-01
-2.817317947736155475e+02
-2.383263489231467247e+01
-4.831167266486445442e+02
-3.153617051448964048e+02
-4.289099423446459696e+02
-9.664762243628501892e-01
-5.879225450615340378e+02
-4.478084151411894709e+02
-9.687560874503105879e+00
-5.505646102526225150e+02
-5.913805946139618754e+02
-3.477829005569219589e-01
-9.300294560380280018e-01
-1.168523599719628692e+01
-1.480381752151515684e+02
-1.084412046521902084e+01
1.004603276327252388e+02
-5.518966320948675275e+01
-1.622754299231055484e+02
-4.376895350878476165e+02
-2.771825918373069726e+02
-3.556904504061094485e+02
-5.060068227723240852e+01
-4.167077257322089281e+02
-5.707154401589650661e+01
-3.509879692975082435e+02
-3.382723170083118021e+02
-3.996172839351347648e+02
-4.509062220114865340e+02
-5.709936575586907566e+02
-3.388406698906328529e+01
-2.082651603998674545e+02
-3.137859508674591780e+01
-5.174859906549099833e+02
-2.638965566021506675e+02
6.824157359055243433e+01
-5.605953943852218799e+02
-4.164514495548792183e+01
-3.835846950023551472e+02
-1.116789089888334274e+01
2.341573859628260834e+01
-3.962107313196484029e+02
-3.222248593710828573e+02
-1.573498022059975483e+02
-2.403794743712351192e+02
-6.644686706293141469e+02
-4.071737509190934361e+02
-1.108807223732583225e+00
1.722440450743306428e+01
-4.318963450642768294e+02
-4.137644711174070835e+02
-1.987698810547590256e+01
-3.093029156057164073e+02
5.202875111717730761e-01
8.832935664523392916e+01
-1.247071966286166571e+02
-8.898382570385001600e+01
-7.946366025185270701e+02
-3.971316000765655190e+02
-5.763467395855695941e+01
-6.309619796373881400e+02
-5.080464140319381841e+02
-2.758766515416355105e+02
-3.427466530464007519e+02
-5.053821101477660704e+02
-6.272455108041176572e+02
-4.923272352267522365e+02
-4.534682583203757531e+02
-2.049715947359800339e-01
-3.776012197062373161e+02
-3.235903248048416572e+02
-4.034137904178351164e+01
-2.568029679571045563e+02
-1.410389387256727787e+02
-2.857469132860423997e+02
-1.065650879621971399e+02
-3.417153539392093080e+02
-1.864927407666109502e+02
6.561784005491062999e+00
-1.422479854048870038e+02
-1.300009382797870785e+02
-2.632457936368882656e+01
3.186489272967446595e+01
-5.117630435171304271e+02
-6.750907344062579796e+02
-3.118745125876739621e+01
-5.036034426219994202e+02
-1.316723592100897804e+02
-1.469421248533762991e+00
-2.841982784334541066e+02
-2.400287440869724378e+02
3.839607629738748074e+01
-3.407940572488296311e+02
-2.467079193072204362e+02
-3.945652131137903780e+02
-1.924356858031533193e+02
-4.687684969345136778e+02
-3.637338980815839022e+02
-2.110915703012142330e+02
-9.877937624267360661e+01
-3.299617225415422581e+02
-6.876772190679330379e+02
-5.714455884072813205e+02
-5.102819120548956562e+02
-3.960203354806290008e+02
-1.063412339000497013e+02
-3.228003046697704121e+02
-9.332961552235065028e+01
-2.561651957238791510e+02
-5.245783400535583496e+01
-5.914729846455156803e+01
-1.492776256344513968e+02
-2.052420436713728122e+02
-4.365259290171088651e+02
-1.317722374692384619e+02
-2.031376405246555805e+01
-2.835761730324011296e+02
-5.538903710806916934e+02
-6.757187119882000843e+02
-4.070068106971302768e+02
-8.975683283660328016e+01
-2.383151644117897376e+02
-4.708984474801691249e+02
-7.083899909164756536e+01
-5.083795337701740209e+02
-3.149767951696412638e+02
-3.295921915822837036e+02
-1.882229428738355637e-01
-4.328727382539073005e+02
-6.484570771370636066e+01
-4.068685850510373712e+02
-3.534579276643635239e+02
-9.927660517394542694e+00
8.977235448872670531e+01
3.716065188171342015e+01
8.980780867859721184e+01
5.938188209419604391e+01
-5.536134209336014464e+02
-1.026503628958016634e+01
-6.476812954744673334e+01
-5.497063545936252922e+02
-2.012921193379443139e+02
-2.077719694189727306e+01
-3.941836663298308849e+02
-3.383045175151200965e+02
-3.093693528242874891e+01
-6.090420500739201088e+02
-2.894152876052721695e+02
-2.083365815412253141e+01
-3.879027618058025837e+02
-2.325646411537891254e+02
-5.079516275255373330e+02
-3.495883738880947931e+02
-1.924538564868271351e+01
-1.101703658886486664e+03
-1.249261587553191930e+02
2.274612921237712726e+01
-1.692697976655326784e+02
-8.134100399957969785e+01
-2.833028783647459932e+02
-8.899976830946980044e+01
-5.663090627279598266e+01
1.002547269947826862e+02
7.911132255755364895e+01
9.989265857636928558e+01
-2.065221214171033353e+02
-2.221334975399076939e+01
-2.587191260745748878e+01
-8.323492329008877277e+01
1.131182091776281595e+00
-1.738504475567024201e+02
-5.810675558967632242e+02
-1.029880411946214736e+01
9.968582180514931679e+01
3.791088760184356943e+01
-5.580902249618484348e+02
-1.350013151338789612e+02
-3.828994459808163811e+02
-2.110496274622855708e+02
-1.110491280724527314e+02
-1.516298949718475342e-02
-4.015290577454143204e+02
-1.302814977758916939e+02
-1.318351710887509398e+02
-2.000321842464618385e+02
-2.696369237920735031e+02
-6.314411766361881746e+02
-5.695654405247187242e+02
-1.469205557391978800e+02
3.924606629589106888e+01
-1.737486056983470917e+02
-3.423638527059229091e+02
-4.816621986584505066e+01
-2.429417731157809612e+02
-7.221921088197268546e+01
4.928561920137144625e+01
-2.577045308398082852e+02
-2.391654043241869658e+02
-5.188657717620299081e+02
-2.569942511927001760e+02
-4.248857131858385401e+02
-2.074817440536571667e+02
-1.065430743619799614e-01
5.964992421605711570e+01
-1.754199260259047151e+02
-2.736654806972946972e+02
-5.940932381339371204e+01
-1.131286518900888041e+02
-2.219340431051095948e+02
-2.699615412226412445e+02
-5.512106030505965464e+02
-1.559828428364999127e+02
-1.629229316053970251e+02
-1.359657242983812466e+02
-3.445324400338868145e+02
-4.762796874674386345e+02
-1.705130603131547105e+02
-1.270421814573346637e+02
-6.067999725453555584e+02
1.922613149508833885e-01
8.884145403280854225e+00
-8.133480292046442628e+01
-3.301611097925633658e+02
-3.405960976206697524e+02
-3.745658625639043748e+01
-1.412279126327484846e+01
9.968977273628115654e+01
6.835414300113916397e+01
-1.427916905417223461e+02
-4.048507425185816828e+02
-2.182485728891915642e+02
-1.164870924049610039e+02
-6.430545970797538757e-01
2.743680301062704530e+01
-7.533359591534826905e+01
-3.730092516425065696e+01
-1.883061400998849422e+02
-3.804376714364625514e+02
-7.418030984699726105e-01
-3.455544119396945462e+02
8.351248776307329535e-03
-1.648223849826172227e+02
-3.078856459911330603e+02
-1.677634583447943442e+02
-1.036368099600076675e+01
9.939936722815036774e+01
-3.534631500846007839e+02
-2.145344829219393432e+02
-3.446070849108509719e+02
6.906870278343558311e+01
-2.612175141561019700e+02
-3.770673401117383037e+02
-4.057259130245365668e+02
-1.868441550466232002e+02
-4.114970456110313535e+01
-2.935471243037027307e+02
-4.657163063276093453e+02
-2.620362325094756670e+02
9.338417276740074158e-02
2.219377829576842487e+01
-1.497609721144472132e+02
-4.765662868539875490e+02
-1.023147645592689514e+01
4.820994960280950181e+01
-3.951375904835003894e+01
-2.016132338146344409e+02
-6.151257455348968506e-01
7.675619872682727873e+01
-1.279706274469790515e+02
-7.524595466698519886e+01
-3.528895121114328504e+01
-2.110634433983941562e+02
-1.084357039109454490e+02
-3.134338135598809458e+02
-5.959778291918337345e+01
-3.829472204709891230e+02
-4.569628929253667593e+01
-7.815835020580561832e+01
-1.050167151098867180e+01
-4.913067127927206457e+01
-2.354148010257631540e+01
6.281158580793999135e+00
-1.947577250686008483e+02
-5.013209901705849916e+02
-2.148836268112063408e+00
-2.312526515964418650e+01
-3.510599024872644804e+02
-5.217986371123697609e+01
-5.587873823908157647e+02
-4.216526756063103676e-01
-7.742094535260985140e+02
-9.503325230407062918e+01
-1.954070443934760988e+02
-5.028165287179290317e+02
-3.365910511641777703e+02
-3.196972860196547117e+02
-1.127646474540233612e+01
3.195855072699487209e+00
-3.045924134087254060e+02
-9.841496318578720093e+00
-1.868218540902307723e+01
-1.279942096570157446e+02
-1.119925506257568486e+02
-5.038088088775402866e+02
-3.739605369231721852e+02
-5.993397397000808269e+01
-3.051415819890098646e+02
-3.722831200374057516e+02
-1.366006271313817706e+02
-1.301639331015758216e+02
-1.013856275035359431e+02
-6.943050189584027976e+01
-1.021925225621089339e+01
-3.423723795106634498e+02
-1.026491181150777265e+02
-8.902155028082052013e+01
-5.926225667467806488e+02
-2.981266296848189086e+02
-1.527954766959883273e+02
-9.088754326832713559e+01
-3.573027426926419139e+02
-9.725018959218868986e+01
-4.887755463812500238e+02
-4.955570917209843174e+02
1.370870940387248993e+00
-7.441351700574159622e+01
-4.743492586389183998e+02
9.061825558356940746e+01
9.939259514771401882e+01
-3.031061293240345549e+02
-5.622759988955222070e+02
-6.907901992480037734e+01
-4.432670371700078249e+01
9.860746593959629536e+01
6.712836757345939986e+01
-9.547887085785623640e+01
-2.809962243748013861e+02
-4.527897063916316256e+01
-3.940394116343231872e+02
-9.302253231476061046e+01
-1.776346523738466203e+02
-2.343804539466364076e+02
-1.498812320555443875e+02
-1.082277034968137741e+01
-1.228807225305954489e+02
-1.003078421577811241e+01
-1.194506699068297166e+02
-9.385066109965555370e+01
-5.355305461239622673e+02
-3.295757693008054048e+02
-2.036724287737160921e+01
-9.145426668855361640e+01
-2.752170744922477752e+02
-4.589030224620364606e+01
-3.555380558794131503e+02
-4.130185928416904062e+02
-2.099200602316414006e+02
-1.008732259124517441e+02
-1.659364303360925987e+02
-3.696495133670396172e+01
-3.139650792171014473e+02
-4.152825893266053754e+02
-1.891433696782332845e+02
-1.293880459741340019e+02
-3.801061838411260396e+02
-6.261618071432458237e+02
-4.684256062362401281e+02
-1.081904670037329197e+01
1.002423464190214872e+02
-8.811603992243180983e+01
-7.355964185701959650e+02
-3.280550048028162564e+02
-2.027012830146850320e+02
-1.068637658788939007e+02
2.975733429193496704e-01
-2.408490745525923558e+02
-7.846467672297148965e+01
-7.284241399227175862e+01
-1.277864933738019317e+02
5.369711741455830634e+01
-7.420386984781362116e+01
-2.154206584766507149e+01
-4.118421119627455482e+02
-1.999081739243119955e+02
3.564280308154411614e+01
-1.857627344907195948e+02
-3.597047756914980710e+01
-6.667905856145080179e+01
-3.074870824711179012e+02
-1.602840351410559379e+02
-4.784313494249363430e+01
-7.054221905558442813e+02
-6.462566628336207941e+01
7.736398247745819390e+01
-5.751517702825367451e+01
-1.234076768282247940e+02
-7.553479982737917453e+01
-2.438805129597531050e+02
-2.346014170253183693e+02
-2.061441350448876619e+01
-4.343552300357259810e+00
-9.872602817870210856e+01
-5.570789667146163993e+01
-1.865463472523260862e+02
-4.715991561724804342e+02
-1.183371863709762692e+02
-1.911129688227665611e+02
-2.093057419753749855e+02
-4.022006341471569613e+02
-1.620619611050642561e+02
9.060063736251322553e-01
-2.977759968863683753e+02
-1.806894291727803648e+02
-8.199691500945482403e+01
-2.514416577200172469e+02
-1.745849862047471106e+02
-3.426937757804989815e+01
-1.801302624479285441e+02
-3.548388203702452302e+02
-7.188386720565176802e+01
-4.975524140013826582e+02
-1.082057687028427608e+02
-3.536897348489146680e+02
-3.863619924755766988e+01
7.927532846853137016e+01
1.000626914962194860e+02
4.805944666522555053e+01
-7.703624668931661290e+01
-4.094502629853086546e+02
-2.603641500622470630e+02
-4.503473100604023784e+02
-3.413168184699025005e+02
-1.766466068579466082e+02
-1.655435077597794589e+02
-5.187882497581304051e+02
-9.407000862527638674e+01
-1.229577283911639825e+02
-2.047104511025245301e+02
-2.021805606078123674e+02
-3.770538268480449915e+02
-3.969229784921772080e+02
-3.654599346825852990e+02
-2.655179720919113606e+02
-6.108248865604400635e+01
-3.591525201172917150e+02
-1.851922997751971707e+02
-3.583057835417712340e+02
-3.899438822721131146e+02
-2.092112903513916535e+02
-1.644742018851684406e+02
-2.387865856328280643e+02
-2.826111913957865909e+02
-9.415712325737695210e+01
-2.485666771861724555e+02
-7.136100213974714279e-01
-3.054671726491797017e+02
-2.031854429765953682e+02
-3.317095272443257272e+02
-1.032324384897947311e+00
8.985674859955906868e+01
-1.743933027095627040e+02
-5.394134184538270347e+02
-1.906372102507302770e+02
-1.145022228267043829e+01
-4.442458583724219352e+02
-2.331589962677098811e+02
-5.283191224478650838e+01
9.616854874650016427e+00
-4.402405852340161800e+02
-6.676929198776342673e+02
-4.448632058070506901e+01
-5.598510722885839641e+01
-3.061655537355909473e+01
-9.955586176365613937e-01
1.005281389420852065e+02
-3.010175399760773871e+02
-1.442144747119018575e+02
-1.739501745680463500e+02
-1.232283073035068810e+01
9.000949113816022873e+01
4.856001105159521103e+00
-2.115855912248953246e+02
-2.277980333811137825e+02
-1.588093118977849372e+02
-2.717558718290747493e+02
-4.283245655492646620e+01
-1.631014528925443301e+02
9.979941434785723686e+01
-1.380537489050766453e+01
-7.435782292624935508e+01
1.006248748451471329e+02
-2.211436989450885449e+01
-3.249809674676507711e+02
-5.479806200391321909e+02
-9.279642713244538754e+01
6.202352106722537428e+01
-2.189566391808948538e+02
-2.924816872505471110e+01
4.211607999354600906e+01
-5.776037620916031301e+01
-7.601786120980978012e+01
-2.180600572444673162e+02
-3.038076482893666252e+02
-9.617470000067260116e+01
-1.896955779213458300e+02
-2.277326138258795254e+02
-6.502658974751830101e+01
-2.492903474966005888e+02
-3.551269536453764886e+02
-2.397642264880705625e+02
-2.110123358309356263e+02
-2.923721473718469497e+02
-1.604530546749592759e+02
-7.659316061879508197e+01
6.291372927524935221e+01
2.029371758410707116e+01
1.007686951644718647e+02
1.069806712363060797e+01
-4.952420139068271965e+01
-3.087557388725108467e+02
-3.623129155853530392e+01
3.268612028448842466e+01
-2.251367222517728806e+00
-4.378745766779757105e+02
-3.036953305080533028e+01
5.618326615984551609e+01
-3.572930550911696628e+02
-1.775771032678894699e+02
-4.782747687294613570e+01
-6.033598691411316395e+01
-4.333201784506672993e+01
-2.731247945891809650e+02
-1.194803024099819595e+02
-9.010782246477901936e-01
-3.835644146849808749e+02
-2.521400979370810091e+01
-2.463388320485755685e+02
-1.207385853874147870e+02
-1.164630415025749244e+02
7.724712109692336526e+01
-3.904026714968495071e+00
-3.067856732987565920e+02
-5.062319358298555017e+01
-2.948192914061946794e+02
-4.248510942909051664e+02
-9.915145521852537058e+00
4.262972653816905222e+01
-1.537517667067004368e+02
-4.147863996670348570e+02
-1.434505528458321351e+02
7.008365048281848431e+01
-2.814000934453943046e+02
-4.177333031001035124e+02
-3.093642294406890869e-01
-9.447506268485449255e+01
-3.282993700752849691e+02
-1.892943295016884804e+02
-2.269627573294565082e+01
-4.579947437103837729e+02
-2.677764973153243773e+02
-1.569548931164481473e+02
1.008237756192684174e+02
-2.831135279615409672e+00
-2.285272812557959696e+02
-3.448532972449320368e+02
-1.636808016717550345e+02
-1.551707971060823184e+02
-1.127734471112489700e+01
-2.809738117229426280e+02
-2.325803614186879713e+02
-5.362179481331259012e+01
-9.253761467582080513e+01
-1.428302259419579059e+02
-2.246910744793422054e+01
-2.532214339467464015e+01
-4.032076019421219826e+01
3.007282665304228431e+01
-1.098734208138412214e+02
-1.378588303136057220e+02
-2.083734177012229338e+01
-3.139427374734004843e+02
-2.061221062298864126e+01
1.002160839438438416e+02
-1.266863313839712646e+01
-1.249847605534596369e+02
-2.147242546979105100e+02
-1.518937436422565952e+02
-3.103642447525635362e+01
8.025174199789762497e+01
-2.970195193374966038e+02
-7.136244963528588414e+01
8.769041648297570646e+01
-3.654270542174926959e+02
-1.367819954185251845e+02
-2.915913968177628703e+02
-2.967805148154729977e+02
-2.042090100795030594e+01
-1.419946280994918197e+02
-4.271765464090858586e+02
-1.735766214536270127e+02
-6.106779482215642929e-01
-6.171307234719279222e+01
-3.572183600299540558e+02
-1.080059560560621321e+02
-6.769924987549893558e+01
-9.060758300821180455e+01
-2.363250183033887879e+02
-5.269651189446449280e-01
-3.897332843224285170e+01
8.931878325715661049e+01
-5.087049224344082177e+01
-4.762165164195557736e+02
1.002111338376998901e+02
4.807725225668400526e+01
-3.205428584506535117e+02
-1.403474977239966393e+00
7.855262884404510260e+01
5.962722934025805444e+00
-5.093171581672504544e+01
-1.327110207774676383e+02
-2.098205702409613878e+02
-3.890798725187778473e-01
5.445278203429188579e+01
9.997264232859015465e+01
-3.555212578835198656e+01
-4.782853212894406170e+01
-8.268281516549177468e+01
6.668528994871303439e+01
-9.486897957301698625e+01
9.922486306726932526e+01
1.078437632741406560e+01
-1.738597082082415000e+02
-1.124188496289425530e+02
-2.207431576655944809e+02
-6.251543224928900599e+01
-3.950689771899487823e+01
-2.073675330625846982e+02
-2.235433495565957855e+02
-5.751400341403059429e+02
-2.858125829703931231e+02
-6.020148374768905342e+01
-5.725581191218225285e+01
-8.980230938765453175e+01
-3.793577072513289750e+01
-1.047799786156974733e+02
-3.696944060035020811e+02
-1.357955324384965934e+02
-2.284115638788935030e+02
1.003724938490195200e+02
9.012396778538823128e+01
9.911436489922925830e+01
-1.628766544678364880e+02
-6.916090578830335289e+01
5.795482502912636846e+01
-2.117668878062395379e+02
-1.904341379417455755e+02
-3.009525160319171846e+02
-9.651912238262593746e+01
-1.919945981790660881e+02
-1.484206965120974928e+02
-7.890947194286854938e+01
-2.279764025937765837e+01
-1.924067584894946776e+02
-2.353998347995802760e+02
-3.355334260086892755e+02
-2.383435447276829109e+02
-3.465850889561697841e+02
-1.087560237938887440e+02
-3.651188497889088467e+02
-6.122265138351358473e+02
-3.005686801882111467e+02
-2.124519276805222034e+01
4.383615368604660034e+01
8.121345646725967526e+01
-2.185936934009951074e+02
-1.052416039630770683e+01
-2.855733178346417844e+01
-3.822425352297432255e+01
-1.852118225580343278e+02
-2.613985640028258786e+02
-4.652823371021077037e+01
-5.465636660479940474e+02
-6.363417401222977787e+01
-9.319022900038908119e+01
-2.273899336413014680e+02
-7.981460064223574591e+01
-1.357919670043047518e+02
-5.713881723304511979e+02
-5.969755060487659648e+01
-3.625287165599875152e+02
-3.969761227715353016e+02
-2.204409621423110366e+01
2.677500862115994096e+01
-2.320211964503396302e+02
-1.849648710258770734e+02
-1.370362038607709110e+00
-1.927434551389305852e+02
-3.775900263476651162e+02
-9.155802167218644172e+01
-9.717467230226611719e+01
1.001056851483881474e+02
2.710781689686700702e+01
1.000736738964915276e+02
-7.351449821424284892e+01
-1.535051710468906094e+02
-8.933942534963716753e+01
-1.946414362639188766e+00
-1.157311427672393620e+02
-2.653967128676304128e+02
-5.190130624547600746e+01
-1.292884577521181200e+02
-2.604005701617279556e+02
-6.022810496389865875e+01
-6.055475299509271281e+01
-9.526590948132798076e+01
-1.979325426243594848e+02
-1.098983929663663730e+02
-8.331398316621562117e+01
-1.038843235602253117e+02
-2.528144182730466127e+01
7.719675803673453629e+01
-4.278015240451786667e+02
-3.449907463031995576e+02
-2.249128100648522377e+01
3.907458727707853541e+01
-2.778247643542708829e+02
-3.890691755415173247e+01
-1.645391841262025991e+02
-2.124563491344451904e+01
-3.447889042855968000e+02
-1.217168560846475884e+02
9.905830086953938007e+01
-1.776074783004078199e+02
-2.822411361846025102e+02
-2.619764898033463396e+02
-2.252049946167971939e+02
-3.805258004271890968e+02
-2.376074498848465737e+02
-6.500972677685786039e+01
-4.482692094622952936e+02
-5.135748271737247705e+01
-9.583053818601183593e+01
-5.628922899346798658e+01
-4.654437270396738313e+02
-6.389288859062071424e+01
-9.585048231342807412e+01
-2.983093434000620618e+02
-1.285505785318528069e+02
-5.988999240715056658e+02
-7.042489543010015041e+01
-1.045397064462304115e+01
-2.614818561614956707e+02
-5.688472115155309439e+01
-1.535151832690462470e+01
-3.048560832071816549e+02
-2.937915580823319033e+02
-4.420042957155965269e+01
1.519880601490149274e+01
-1.984183925729012117e+02
4.914747135248035192e+00
-1.154718272429890931e+02
-2.090751251103356481e+02
-1.202801524847745895e+01
3.786813684688968351e+01
-1.421914320649229921e+02
-1.436463354170555249e+02
-8.007494989389670081e+01
-2.888716746891150251e+02
-1.509021011377917603e+02
-3.014903163756825961e+02
-5.198757821939070709e+02
-1.106401381248724647e+02
-1.489874941854504868e+02
-2.021324836388230324e+02
-5.957874991325661540e+01
-8.664834876314853318e+01
-2.705492831782321446e+02
-3.722747252443223260e+02
-2.253276249237824231e+02
-1.736716633124742657e+02
-3.070260916344705038e+02
-4.801548981852829456e+01
-8.984225066314684227e+01
-2.080385750904679298e+01
9.955035064369440079e+01
4.790071700979024172e+01
4.911944868136197329e+01
-2.559652777106894064e+02
-4.727827210066025145e+02
-4.017181894041714258e+02
-1.069193553677760065e+02
-5.681357775981014129e+02
-9.377517409692518413e+01
-4.219526096507906914e+02
-4.681416336945549119e+02
-5.619868634594604373e+01
-8.993491092522162944e+01
-1.338230059540946968e+02
-1.227318544875015505e+02
-1.034637831402942538e+02
-4.227006334924408293e+01
-5.718281234218738973e+01
-9.134070677985437214e+01
-2.231738400470931083e+01
-1.045391827076673508e+01
3.467557329544797540e+01
-1.209474400812759995e+02
5.169434580020606518e+01
-1.741102686114609241e+02
-5.854729695912683383e+02
-1.267545339171774685e+02
-1.167206936329603195e+01
-2.285498545065056533e+02
-1.600081727943033911e+02
-1.158038526773452759e-02
-1.288033644845636445e+02
-5.042701177299022675e-01
1.003870490677654743e+02
-2.898915665437089046e+02
-4.383327808713365812e+02
-2.246967357443645597e+02
-3.959820564951514825e+02
-2.507680714348898618e+02
-1.782704866098938510e+02
-7.309080838027875870e+01
-2.291701271432975773e+02
-3.726778960603260202e+02
-2.802352812453755178e+02
-3.907252508135831022e+02
-3.691608831286430359e-02
-3.152586647480784450e+02
-1.193274296188028529e+02
7.551045442745089531e+01
-1.634635433742951136e+02
-2.269264329986181110e+02
-9.497986422758549452e+01
-1.868947377104777843e+02
-2.043546760564204305e+02
-3.714444883639225736e+01
-2.201790846884250641e-01
-3.419213426463975338e+02
-3.003488177708350122e+02
-2.256230839854106307e+01
-1.125534846687805839e+02
-3.089730070168443490e+02
-3.713148721900652163e+02
-1.124759272555820644e+02
-1.173363754968158901e+01
9.750808878522366285e+01
6.545040350966155529e+01
-1.132452408174285665e+02
-8.117346454702783376e+01
-3.695973243738990277e-01
4.577278442680835724e+01
-3.318277061249536928e+02
-5.867090623988769948e+01
-2.391781239702831954e+02
-2.144606213377555832e+02
-4.528452265407831874e+02
-2.818863980803289451e+02
-2.274976631917525083e+02
-1.384406462311744690e-01
5.641021836735308170e+01
-5.357489160050172359e+02
-2.722115006428211927e+02
-1.921991649370174855e+02
-2.374688138614292257e+02
-7.907094690111989621e+01
-2.914706368455081247e+02
-3.278860515728592873e+02
-9.492096753790974617e+00
1.006296085921931081e+02
-3.107615053369081579e+02
-5.836758069624193013e+01
-3.052160721991676837e+02
-2.761505951436702162e+02
-1.462664135118247941e+02
-7.806210528779774904e+01
-1.764318879577331245e+00
9.033755250019021332e+01
6.853392115226597525e+00
-8.347023436799645424e-01
2.863123354830895551e+01
-2.100098458025604486e+01
-2.186218809192459958e+02
-1.569398577972897328e+02
-1.467681681253598072e+02
-4.202381814051477704e+02
-4.103995812265202403e+01
4.982438336953055114e+01
-1.313840620891423896e+02
-5.694587965216487646e+01
-3.504637431027367711e+01
-4.953085307486326201e+02
-7.358082454185932875e+01
8.561418137140572071e+01
-1.198180387999163941e+02
-3.983179179435828701e+02
-2.714220202373689972e+02
-3.796007024007849395e+00
-2.897069796500727534e+01
-1.804275358013692312e+02
-5.152528524049557745e+01
-5.128823068807832897e-01
-6.466166069358587265e+01
-6.174793816203600727e+01
-2.932634665927616879e+02
-1.895788791652521468e+02
-2.476669989430520218e+02
-3.365146446303406265e+02
-3.700298707504407503e+02
-1.140067436425015330e+02
-5.255311724811326712e+01
-5.232174196979030967e+01
-1.975424293428659439e+01
1.000025078505277634e+02
3.803391123865731061e+01
-3.202144541571906302e+02
-1.704209315864136443e+02
7.935290377121418715e+01
3.196155313099734485e+01
-4.117462865669222083e+02
-4.525325643794494681e+02
-2.334729394441237673e+02
-1.284392359579214826e+01
2.402220578708147514e+01
-1.014310685574891977e+02
-5.410996187099954113e+01
-3.198423752997769043e+01
-6.682971924368757755e+01
2.842758784675970674e+01
-3.128844748202573101e+02
-1.129184086000313982e+02
-2.085750355678610504e+02
-2.135243767034262419e+01
-2.894044051768141799e+02
-3.971515070024179295e+01
-3.361714403358346317e+02
-3.062406080951914191e+02
-1.926090016189846210e+02
-1.059214465067780111e+02
2.151085156947374344e-01
-3.389247024008072913e+02
-1.074817900732159615e+01
-1.520138989631086588e+02
1.856496929854620248e+01
8.819338135921861976e+01
8.819676301628351212e+01
2.449334608617937192e+01
-1.382430958469631150e+02
-2.967003609007224441e+01
8.956263475399464369e+01
-1.420313500312622637e+02
-6.323475555167533457e+01
-2.821227740616886877e+02
-2.035720252546889242e+02
-4.984775743026402779e+02
-1.204915408045053482e+01
-1.024741269485093653e+01
-2.165558729396871058e+02
-9.865032397047616541e+01
-4.255155126028694212e+01
4.461611701559741050e+01
-1.356576373609714210e+02
2.320092204865068197e+01
-1.281748898242367432e+02
-6.989893443137407303e+01
-2.654225980383926071e+02
-4.058303797433618456e+02
-7.859940249193459749e+01
-1.422434380057966337e+02
-5.134036951581947505e+01
-2.923800379773019813e+02
-5.122704861499369144e+01
7.810813975334167480e+01
-1.172778643647907302e+02
-1.099235952758463100e+02
-5.760015400160045829e+01
-1.055293593345559202e+02
-6.458264601475675590e+02
-3.897252023748005740e+02
-2.018319978937506676e+01
4.492982191068585962e+01
-3.147506945580244064e+01
-4.158599464331928175e+00
1.873703082319116220e+01
-2.456423148295725696e+02
-9.579631953139323741e+01
-1.355174025446176529e+02
-5.925844337139278650e+01
-1.857894853018224239e+02
-1.750533406909089535e+02
-3.037785820603603497e+02
-6.591671546199359000e+01
-4.328129908084520139e+01
5.281384649756364524e+01
-5.719621998068760149e-01
-3.298698425925431366e+02
-5.922786204423755407e+01
-1.464705615857383236e+00
-1.145055411185603589e+02
-3.035684245626907796e+01
1.490889724832959473e+01
-2.494137968986615306e+01
-1.140071721345884725e+02
-3.497146332698284823e+02
-9.166320603340864182e+00
-1.647682671765796840e+02
-1.997518084741313942e+02
-8.438452858076198027e+01
-3.661493173802446108e+02
-5.510353502025463968e+01
-3.263132508654380217e+02
-9.708689532708376646e+00
-1.463434209302067757e+01
-1.943134889526991174e+02
-2.100795443968381733e+02
-1.913783498093980597e+02
-3.171946103275404312e+02
-1.194698451795557048e+02
-2.837497338991070137e+02
-6.559331297330209054e+01
-6.434458747203461826e+01
-5.789411645589279942e+01
-5.096092847511172295e+02
-6.414918099460192025e+01
6.979892580211162567e+01
-1.241572831732482882e+02
-1.280719272531569004e+02
-4.412765146989841014e+01
-1.549183892997098155e+02
-5.857460420875577256e+01
-4.573882050006941427e+02
-9.661604832857847214e+00
4.217301158834015951e+01
-2.784652989357709885e-01
3.028071650343190413e+01
-1.322645253643859178e+02
-1.257624030113220215e-01
9.981563755311071873e+01
7.927701038494706154e+01
-1.345475994855514728e+02
-1.111339405894977972e+02
-9.504444588790647686e+01
-2.377581167966127396e-01
1.000776061564683914e+02
-9.715623996072099544e+01
-1.294781391039723530e+02
-2.699530566740431823e+02
-6.337954274425283074e+01
-3.610387103678222047e+02
-1.445179223952582106e+02
3.889821762201609090e+01
-1.281660501752048731e+02
-2.023026631893590093e+02
-6.015011156164109707e+01
-4.820849639091175050e+02
-2.122923822277225554e+02
-2.335511082038283348e+01
1.252258312352932990e+01
-1.518928415160626173e+02
-2.414933370936778374e+02
-4.493070310435723513e+01
-8.505183283594669774e+01
-1.780552564850077033e+02
-3.025620440987986512e+02
-1.154036530852317810e+01
3.133890726000390714e+01
-6.089710256860416848e+01
-3.193306170264258981e+01
-8.608078029868192971e+01
-2.116986970498692244e+02
-2.156924344599246979e-01
9.999824618361890316e+01
2.525346221833024174e+01
-1.566937403206247836e+02
-1.625096437156034881e+02
-1.505464443027449306e+02
-1.175446019297523890e+02
-8.742763037898112088e+01
-4.052287408499978483e+00
-3.193990638758987188e+01
-2.966927627334953286e+02
-8.679033503336540889e+01
-1.002489903825335205e+01
-3.047673585824668407e+01
8.915680021047592163e+01
-2.347442612193772220e+02
-1.849556175402831286e+02
-3.694632679154165089e+02
-1.128090283460915089e+01
9.919663022644817829e+01
1.000488015853334218e+02
-2.339662604010663927e+01
-1.497865031476831064e+02
-7.815226722054649144e+01
-6.514220270182704553e+01
