3.526439633993219900e+02
3.412671058509715181e+02
2.963528516556405634e+02
3.007237123230459019e+02
3.130781714894783931e+02
1.804636938909967796e+02
3.901016897747318808e+02
2.813533947566602365e+02
2.846753646426052455e+02
2.294221140619060861e+02
2.528857930345838838e+02
2.328051823777807101e+02
3.781706513557958829e+02
3.104295029197667191e+02
2.484962328437797225e+02
2.392967016574594368e+02
2.735990267102821463e+02
2.708361336477232157e+02
2.661581114872274725e+02
2.639045098385560095e+02
3.006392563163439036e+02
2.830936301303641471e+02
3.376154609472656034e+02
1.788307741702043643e+02
2.113898675634463302e+02
2.201051091375954911e+02
2.891945452184903615e+02
1.666469556810416179e+02
1.385484673169975451e+02
2.046677171368473012e+02
1.724492017609529739e+02
1.134903160315495967e+02
3.093635372272195809e+02
3.013134128056299801e+02
2.137358121651141403e+02
2.267371632425951589e+02
1.225251581845765116e+02
1.998679428640585627e+02
1.307038681612079642e+02
2.888294921007984613e+02
2.440239437426043025e+02
2.287892171487714279e+02
2.286511975178493969e+02
1.243803337334473298e+02
1.748419115547056890e+02
1.520568708977309882e+02
1.607726621639322104e+02
2.123383861570231375e+02
1.221205615831801765e+02
1.921630090024909521e+02
2.953777198892394154e+02
9.653390062826208862e+01
1.079778441122173405e+02
1.216547435404342536e+02
1.268203367708518812e+02
1.654528244994341151e+02
1.415166417927142675e+02
2.422915321109669833e+02
2.082059692972067353e+02
1.960922410299767478e+02
