-3.106828331947326660e+00
-2.149210929870605469e+00
-2.814370512962341309e+00
-1.115058183670043945e+00
-1.992212414741516113e+00
-1.414857149124145508e+00
-2.648226827383041382e+00
-2.313364028930664062e+00
-6.853389739990234375e-01
-1.895473718643188477e+00
-7.607939243316650391e-01
-3.318922758102416992e+00
-2.228891372680664062e+00
1.119376420974731445e+00
-1.884565114974975586e+00
-1.563751459121704102e+00
-1.142660498619079590e+00
-1.973528504371643066e+00
-5.310947895050048828e-01
-1.810887515544891357e+00
5.683040618896484375e-01
-1.047394752502441406e+00
-1.546264290809631348e+00
-3.715527057647705078e-01
-2.162398576736450195e+00
-2.274325907230377197e+00
-1.981947124004364014e+00
-1.123267173767089844e+00
-1.141037940979003906e-01
-1.988681316375732422e+00
-8.345561027526855469e-01
-8.613967895507812500e-02
-1.594401597976684570e+00
-2.770271897315979004e+00
1.827125549316406250e-01
-1.783558487892150879e+00
-4.000811576843261719e-01
-2.046163558959960938e+00
-1.373060941696166992e+00
-2.382407844066619873e+00
-2.762658298015594482e+00
-1.453976452350616455e+00
-1.819900751113891602e+00
-2.237154722213745117e+00
-2.044148445129394531e-01
-2.707107067108154297e-01
-1.720813870429992676e+00
-2.130597114562988281e+00
-2.190117955207824707e+00
-3.053151607513427734e+00
-1.383746743202209473e+00
-1.646603584289550781e+00
-1.679830133914947510e+00
-1.718799352645874023e+00
-2.105525612831115723e+00
-4.061181545257568359e-01
-1.918963193893432617e+00
-7.145777344703674316e-01
-1.450940608978271484e+00
-1.178413867950439453e+00
-1.606997013092041016e+00
-4.678993225097656250e-01
-7.313613891601562500e-01
-1.418050527572631836e+00
-2.374446749687194824e+00
-4.814735651016235352e-01
-1.613612651824951172e+00
-1.391042947769165039e+00
-2.029461622238159180e+00
-2.523557007312774658e+00
-2.200920104980468750e+00
-1.751073420047760010e+00
-8.830847740173339844e-01
-1.066247463226318359e+00
-1.052104473114013672e+00
-2.537865042686462402e+00
-2.390668511390686035e+00
-1.858780980110168457e+00
-2.177400112152099609e+00
-1.499242544174194336e+00
-2.796109318733215332e+00
-1.754908025264739990e+00
-2.927425265312194824e+00
-2.238625168800354004e+00
-9.496569633483886719e-01
-5.110156536102294922e-01
-9.075951576232910156e-01
-2.607873141765594482e+00
-1.895628690719604492e+00
-3.860809803009033203e-01
-2.903059482574462891e+00
-1.227768421173095703e+00
-2.662233710289001465e+00
-1.658936142921447754e+00
-2.655107975006103516e-01
-2.175998687744140625e+00
-1.141304492950439453e+00
-1.575785160064697266e+00
-7.670242786407470703e-01
-2.059772908687591553e+00
-2.880329012870788574e+00
-1.941426277160644531e+00
-1.079451322555541992e+00
-2.489592194557189941e+00
-2.427862942218780518e+00
-2.128792881965637207e+00
-1.327414512634277344e+00
-2.062319159507751465e+00
-2.498500347137451172e+00
-1.129748225212097168e+00
-2.074942588806152344e+00
-1.260956823825836182e+00
-4.142379760742187500e-02
-4.973704814910888672e-01
-2.344353199005126953e+00
-1.785760402679443359e+00
-3.336362957954406738e+00
-2.564387559890747070e+00
1.688804626464843750e-01
-1.427277565002441406e+00
3.729462623596191406e-03
-1.119679689407348633e+00
-9.336507320404052734e-02
-2.493331730365753174e+00
-1.507441282272338867e+00
8.231499195098876953e-01
1.707086563110351562e-01
-2.945567607879638672e+00
-1.697579860687255859e+00
3.429350852966308594e-01
-7.519588470458984375e-01
-2.989220619201660156e-02
-1.643407106399536133e+00
-8.357902765274047852e-01
-8.990328311920166016e-01
-5.368843078613281250e-01
-2.975451111793518066e+00
-8.604602813720703125e-01
-1.205888748168945312e+00
-5.999555587768554688e-01
3.860468864440917969e-01
-2.623779773712158203e-01
-2.756703257560729980e+00
-1.644625782966613770e+00
-2.614638328552246094e+00
-2.367658019065856934e+00
-2.128922939300537109e+00
-2.022902488708496094e+00
1.633460760116577148e+00
-3.801918029785156250e-02
-2.413001790642738342e+00
-2.096500098705291748e+00
-2.332348346710205078e+00
1.079451799392700195e+00
-3.008035898208618164e+00
-2.509955167770385742e+00
-2.256726264953613281e+00
-1.056782722473144531e+00
-2.738751411437988281e+00
5.671517848968505859e-01
-2.368566274642944336e+00
-1.283410310745239258e+00
4.444789886474609375e-02
9.474217891693115234e-01
-1.798808574676513672e+00
-1.253008961677551270e+00
-2.433310687541961670e+00
-1.215759277343750000e+00
-2.233344674110412598e+00
-6.621315479278564453e-01
5.230307579040527344e-01
-2.092480421066284180e+00
-1.844690322875976562e+00
-1.643493652343750000e+00
-1.972567081451416016e+00
-2.091928482055664062e+00
-2.878114342689514160e+00
-2.891679644584655762e+00
-2.315839767456054688e+00
-3.601088523864746094e-01
-2.390061378479003906e+00
1.140114545822143555e+00
-7.885055541992187500e-01
-1.188777208328247070e+00
-2.850656688213348389e+00
-3.053252696990966797e-01
-7.976295948028564453e-01
-6.656386852264404297e-01
-2.445259690284729004e+00
-2.937414646148681641e-01
-2.742126345634460449e+00
7.221221923828125000e-01
-1.243059515953063965e+00
6.082863807678222656e-01
-1.805182933807373047e+00
-1.018499612808227539e+00
-1.506619691848754883e+00
-1.314063549041748047e+00
-2.320468187332153320e+00
2.085335254669189453e-01
-2.772908210754394531e-01
1.592526435852050781e-01
-1.514958620071411133e+00
-5.228703022003173828e-01
-1.004726886749267578e-01
-2.017977118492126465e+00
-5.815753936767578125e-01
1.300384044647216797e+00
-8.321573734283447266e-01
2.663686275482177734e-01
-4.714624881744384766e-01
-2.074262142181396484e+00
-1.510816931724548340e+00
-2.221371650695800781e+00
-1.892755508422851562e+00
-1.332095384597778320e+00
-1.481755733489990234e+00
-5.272302627563476562e-01
-2.045112371444702148e+00
1.256958007812500000e+00
-4.087714016437530518e+00
-2.174926638603210449e+00
3.793897628784179688e-01
-6.935582160949707031e-01
-2.192267060279846191e+00
-3.887982368469238281e-01
-7.291630506515502930e-01
-2.687780737876892090e+00
-1.192981004714965820e+00
-1.398430109024047852e+00
-1.702833414077758789e+00
-1.852436542510986328e+00
-1.533252716064453125e+00
-1.643213033676147461e+00
-2.450004816055297852e+00
-1.936129808425903320e+00
-6.728513240814208984e-01
-1.031416416168212891e+00
-1.557173967361450195e+00
-1.129971504211425781e+00
-1.004910230636596680e+00
-1.978219151496887207e+00
-9.120829105377197266e-01
-9.720206260681152344e-01
1.547692775726318359e+00
-1.418923854827880859e+00
-8.499541282653808594e-01
-1.460553646087646484e+00
-6.326992511749267578e-01
-1.747959673404693604e+00
-2.066142439842224121e+00
-2.782487511634826660e+00
-1.599122285842895508e+00
-2.273493528366088867e+00
-2.001132607460021973e+00
-8.854644298553466797e-01
-1.003529906272888184e+00
9.921696186065673828e-01
-2.614365935325622559e+00
-4.117383956909179688e-01
-2.194412708282470703e+00
-1.838390588760375977e+00
3.375935554504394531e-01
-9.349858760833740234e-01
-1.001146793365478516e+00
-1.203817844390869141e+00
-2.335072815418243408e+00
-1.928920626640319824e+00
-5.679309368133544922e-01
-1.768141746520996094e+00
-2.150981187820434570e+00
-4.003314971923828125e-01
-3.313156485557556152e+00
-2.696548104286193848e+00
-2.496006846427917480e+00
-4.087207317352294922e-01
-1.368529558181762695e+00
-5.597970485687255859e-01
2.659916877746582031e-02
-1.509893417358398438e+00
1.149624109268188477e+00
1.012359261512756348e+00
-1.365390181541442871e+00
-1.351196527481079102e+00
-1.346149921417236328e+00
-4.932930469512939453e-01
3.859996795654296875e-02
-2.302154362201690674e+00
-1.880717396736145020e+00
-1.727572917938232422e+00
-2.237687468528747559e+00
-6.739733219146728516e-01
4.812412261962890625e-01
-1.557542800903320312e+00
-1.055985569953918457e+00
-7.738842964172363281e-01
-1.419905662536621094e+00
-3.156977534294128418e+00
-1.516575336456298828e+00
-9.973793029785156250e-01
-2.727172493934631348e+00
2.366271018981933594e-01
-8.243801593780517578e-01
-1.049082040786743164e+00
-2.058409214019775391e+00
-1.321462631225585938e+00
-5.214235782623291016e-01
-1.626732409000396729e+00
1.281390190124511719e-01
-3.304289698600769043e+00
-1.576843976974487305e+00
-1.963393688201904297e+00
-1.339428901672363281e+00
2.019309997558593750e-02
3.511953353881835938e-01
-1.378468513488769531e+00
-1.466422796249389648e+00
-2.138895750045776367e+00
-2.647615790367126465e+00
-1.222808837890625000e+00
-8.710900545120239258e-01
6.331090927124023438e-01
-1.181928634643554688e+00
1.356877923011779785e+00
-3.444180488586425781e-01
-8.790931701660156250e-01
-2.609956383705139160e+00
-2.400355339050292969e+00
-1.884987235069274902e+00
-1.786334633827209473e+00
-6.939620971679687500e-01
4.178242683410644531e-01
-1.214813232421875000e+00
-2.603705406188964844e+00
-1.991378545761108398e+00
-9.684844017028808594e-01
-1.264567852020263672e+00
-1.479809284210205078e+00
1.132632732391357422e+00
-1.673536300659179688e-01
-1.169529438018798828e+00
-1.855422019958496094e+00
-1.335069417953491211e+00
-9.287359714508056641e-01
-1.518421411514282227e+00
2.654886245727539062e-01
-1.030328333377838135e+00
6.052746772766113281e-01
-1.027772903442382812e+00
7.735733985900878906e-01
-1.453388452529907227e+00
-1.906035900115966797e+00
-1.893098294734954834e+00
-1.689446210861206055e+00
-2.454275816679000854e+00
-3.665771484375000000e-01
-9.190201759338378906e-01
-2.059677958488464355e+00
-6.707202196121215820e-01
-8.209507465362548828e-01
-7.086393833160400391e-01
-2.588300108909606934e+00
-1.115725278854370117e+00
-2.153478860855102539e+00
-1.883531928062438965e+00
-4.490242004394531250e-01
2.963173389434814453e-01
-1.667960405349731445e+00
3.064703941345214844e-02
-1.152859926223754883e+00
-9.685640335083007812e-01
1.101021051406860352e+00
-2.788269519805908203e+00
-1.520706415176391602e+00
-1.436694920063018799e+00
8.547468185424804688e-01
-1.025182723999023438e+00
-2.219129681587219238e+00
-5.202989578247070312e-01
-1.367997527122497559e+00
-9.931537508964538574e-01
-1.468410134315490723e+00
-7.211129069328308105e-01
-1.884919583797454834e+00
5.103622674942016602e-01
-1.703381240367889404e+00
-8.337633609771728516e-01
-5.069851875305175781e-02
-2.641251325607299805e+00
-8.173177242279052734e-01
-8.900411128997802734e-01
-1.139385700225830078e+00
-2.039408087730407715e+00
-1.788232803344726562e+00
-3.093469142913818359e-01
-7.484555244445800781e-02
-1.707687020301818848e+00
-2.470904588699340820e+00
-1.997464179992675781e+00
-2.367329239845275879e+00
-1.389802217483520508e+00
5.607883930206298828e-01
-4.792546033859252930e-01
-1.278977632522583008e+00
-1.913569927215576172e+00
-6.172699928283691406e-01
-1.127140760421752930e+00
-2.246108531951904297e+00
1.364362239837646484e+00
-1.252846002578735352e+00
-1.427253007888793945e+00
-1.316687226295471191e+00
-1.977862954139709473e+00
-1.979464411735534668e+00
-1.282469511032104492e+00
-2.186026573181152344e-01
-2.657116770744323730e+00
-1.355115413665771484e+00
-1.740680217742919922e+00
-9.077742099761962891e-01
6.888856887817382812e-01
-2.090286970138549805e+00
-5.176758766174316406e-01
-1.472784638404846191e+00
-7.349545955657958984e-01
-2.100236058235168457e+00
-1.341927766799926758e+00
-1.748540520668029785e+00
-2.818215608596801758e+00
-2.022807598114013672e-01
2.336039543151855469e-01
-2.580097675323486328e+00
-6.267359256744384766e-01
-1.068663835525512695e+00
-4.666805267333984375e-02
-1.114578008651733398e+00
-9.142427444458007812e-01
-2.431464195251464844e-02
-2.371386647224426270e+00
-1.530022382736206055e+00
-6.336569786071777344e-01
-1.613447666168212891e+00
-1.503985404968261719e+00
6.563484668731689453e-01
-8.509357571601867676e-01
-2.023405134677886963e+00
-2.789556086063385010e+00
-1.263071775436401367e+00
-1.340910434722900391e+00
-9.642963409423828125e-01
-9.044203758239746094e-01
-2.952630341053009033e+00
1.162011146545410156e+00
-1.289539575576782227e+00
-1.240237593650817871e+00
-1.753467321395874023e+00
1.738091945648193359e+00
-2.987989246845245361e+00
-1.414747238159179688e+00
-2.660082638263702393e+00
-7.880563735961914062e-01
-3.569958567619323730e+00
2.281522750854492188e-02
-1.733144998550415039e+00
-2.310455620288848877e+00
-1.483340501785278320e+00
-1.572190403938293457e+00
-3.068578004837036133e+00
-1.317909240722656250e+00
4.079639911651611328e-01
-2.383883476257324219e+00
-1.352340936660766602e+00
-1.249933004379272461e+00
-2.128439962863922119e+00
1.000864028930664062e+00
1.379154443740844727e+00
-1.317889690399169922e+00
-1.860778033733367920e+00
-7.742106914520263672e-01
-2.574015438556671143e+00
-1.336923599243164062e+00
-2.551294088363647461e+00
-2.640993893146514893e+00
-3.798508644104003906e-01
-4.376082420349121094e-01
-2.076273143291473389e+00
-1.302349448204040527e+00
-2.723168849945068359e+00
-1.816886126995086670e+00
-7.193964719772338867e-01
4.639124870300292969e-01
3.599910736083984375e-01
4.377512931823730469e-01
-2.285407781600952148e+00
2.392666339874267578e-01
-9.861352443695068359e-01
4.153831005096435547e-01
-2.118724018335342407e+00
-7.781357765197753906e-01
-1.954665184020996094e+00
-1.257926464080810547e+00
-3.873310089111328125e-01
-4.604134559631347656e-01
-1.659718513488769531e+00
-1.808038115501403809e+00
1.406448125839233398e+00
-1.942947983741760254e+00
-1.066314220428466797e+00
-8.306881189346313477e-01
-2.598066091537475586e+00
-3.123285770416259766e-01
-9.164218902587890625e-01
-1.232161283493041992e+00
-6.625108718872070312e-01
-2.088414430618286133e-01
-2.627168118953704834e+00
-3.433383435010910034e+00
-7.874717712402343750e-01
-2.096047163009643555e+00
-7.755997180938720703e-01
5.374743938446044922e-01
-1.550532341003417969e+00
-1.374545335769653320e+00
-1.954749226570129395e+00
-1.694067955017089844e+00
-4.944581985473632812e-01
-1.617192268371582031e+00
-6.263570785522460938e-01
-2.744473934173583984e+00
-5.879609584808349609e-01
-1.936368942260742188e+00
-1.152645111083984375e+00
-1.302727699279785156e+00
8.215205669403076172e-01
-5.382292270660400391e-01
9.789323806762695312e-02
1.023118495941162109e-01
-5.321720838546752930e-01
-2.100600361824035645e+00
-5.339839458465576172e-01
-3.526444435119628906e-01
-1.873284339904785156e+00
-3.029430866241455078e+00
-1.882578462362289429e+00
-2.062088966369628906e+00
-2.262933135032653809e+00
-2.795528411865234375e+00
-2.752102851867675781e+00
-9.067234992980957031e-01
-2.691132664680480957e+00
1.497686624526977539e+00
-2.207410067319869995e+00
-2.645638942718505859e+00
-1.708653688430786133e+00
-1.933817863464355469e-01
-1.631555080413818359e+00
-2.161604166030883789e+00
-2.103509187698364258e+00
-1.537186622619628906e+00
-7.033002376556396484e-01
8.055698871612548828e-01
-1.555646598339080811e+00
-2.512211918830871582e+00
-2.148917913436889648e+00
-2.074967265129089355e+00
-2.020845651626586914e+00
-2.350389242172241211e+00
-1.271179676055908203e+00
-1.282259464263916016e+00
-1.830648303031921387e+00
-3.119139432907104492e+00
-2.394132733345031738e+00
-1.454438805580139160e+00
-7.017744779586791992e-01
-1.265270709991455078e+00
-3.193998336791992188e-01
-5.176789760589599609e-01
-3.229131698608398438e-01
-2.050079703330993652e+00
-6.303343772888183594e-01
-1.167217969894409180e+00
-6.035327911376953125e-01
-2.794284582138061523e+00
4.875123500823974609e-01
-1.652397394180297852e+00
-2.279386520385742188e+00
-2.650744706392288208e+00
-2.236055016517639160e+00
-5.936717987060546875e-01
-2.838311195373535156e-01
1.707251071929931641e+00
8.489851951599121094e-01
-5.359268188476562500e-01
-1.233249664306640625e+00
1.668000221252441406e-02
-7.459616661071777344e-02
-1.352579593658447266e-01
-1.235166430473327637e+00
-1.952155113220214844e+00
-1.038289785385131836e+00
-2.750109225511550903e+00
-1.922440528869628906e+00
-1.946805715560913086e+00
-8.401881456375122070e-01
-8.952155113220214844e-01
-1.486236035823822021e+00
-8.623374104499816895e-01
-2.335151910781860352e+00
-1.960699558258056641e+00
-9.793891906738281250e-01
-2.699503898620605469e-01
-2.017427206039428711e+00
-2.717379808425903320e+00
6.533548831939697266e-01
9.013414382934570312e-01
-2.472603321075439453e+00
2.361674308776855469e-01
-8.055179119110107422e-01
-2.976244032382965088e+00
-1.646232604980468750e-02
-1.100884556770324707e+00
-1.778548240661621094e+00
5.189242362976074219e-01
-5.148549079895019531e-01
-2.586043834686279297e+00
1.775124073028564453e-01
-2.498167037963867188e+00
4.780716896057128906e-01
-2.221136689186096191e+00
-1.858914852142333984e+00
-6.180276870727539062e-01
1.253099441528320312e-01
-2.094920873641967773e+00
1.639376640319824219e+00
5.108611583709716797e-01
-1.033977568149566650e+00
-6.037173271179199219e-01
9.407877922058105469e-01
-1.021389484405517578e+00
-1.496361970901489258e+00
-2.139459967613220215e+00
-1.278495788574218750e-01
-2.612676143646240234e+00
-2.013150751590728760e+00
-1.681636452674865723e+00
-1.372903108596801758e+00
-2.492561340332031250e-01
-1.055749654769897461e+00
-1.862391471862792969e+00
-1.117884159088134766e+00
-6.391932964324951172e-01
-1.340404987335205078e+00
1.923229455947875977e+00
1.457648277282714844e-01
-5.237741470336914062e-01
-2.573816418647766113e+00
-2.508045077323913574e+00
-7.656972408294677734e-01
-1.937906503677368164e+00
-2.094342231750488281e+00
-1.081690788269042969e+00
-3.143658041954040527e+00
-3.570671081542968750e-01
-1.030361890792846680e+00
-2.030581951141357422e+00
-8.898259401321411133e-01
-1.044523000717163086e+00
7.858543395996093750e-01
-7.613959312438964844e-01
-2.500859022140502930e+00
-4.738395214080810547e-01
1.245415449142456055e+00
-7.860679626464843750e-01
-2.652625083923339844e+00
-1.337496757507324219e+00
-7.182191610336303711e-01
-1.452074050903320312e-01
-1.418667554855346680e+00
-1.483040630817413330e+00
-2.703400850296020508e+00
-1.794933080673217773e+00
-9.489812850952148438e-01
-2.282286226749420166e+00
-1.558183789253234863e+00
-1.581231832504272461e+00
-2.950674116611480713e+00
8.197269439697265625e-01
-1.888760089874267578e+00
-4.514442682266235352e-01
-1.695003509521484375e+00
-3.619127273559570312e-01
-2.873942852020263672e-01
-1.367442250251770020e+00
-1.688265919685363770e+00
2.436065673828125000e-02
-2.690050721168518066e+00
-6.858804225921630859e-01
-2.650908708572387695e+00
-3.007950335741043091e+00
-2.595122396945953369e+00
-1.709542751312255859e+00
-1.948353052139282227e+00
-1.809826850891113281e+00
-1.130801200866699219e+00
-2.763076782226562500e+00
-2.627542972564697266e+00
-1.404464900493621826e+00
1.690504550933837891e-01
-2.691674411296844482e+00
-9.637997150421142578e-01
-1.036484956741333008e+00
-2.805991172790527344e-01
-2.145404815673828125e-01
-2.062147021293640137e+00
-8.576428890228271484e-01
-1.308121681213378906e-01
-1.006860375404357910e+00
-1.777806997299194336e+00
-1.727138042449951172e+00
-5.086617469787597656e-01
2.041342258453369141e-01
-1.770515084266662598e+00
-7.654333114624023438e-01
6.786768436431884766e-01
-8.148224353790283203e-01
-2.772018134593963623e+00
-2.092275857925415039e+00
-2.127858161926269531e+00
-2.017348527908325195e+00
-1.417682528495788574e+00
-1.129343748092651367e+00
-1.747140884399414062e-01
-2.183106362819671631e+00
-2.634384930133819580e+00
-2.520517289638519287e+00
-2.158994078636169434e+00
-3.204159736633300781e+00
-2.848210334777832031e-01
-7.119400501251220703e-01
-2.274151816964149475e+00
-2.077338457107543945e+00
-2.647159636020660400e+00
-1.933026313781738281e-01
-1.558162689208984375e+00
-1.478945851325988770e+00
-8.937644958496093750e-01
-3.427350521087646484e-01
-1.201045751571655273e+00
-1.497213602066040039e+00
7.388973236083984375e-01
-1.426642179489135742e+00
7.199022769927978516e-01
-1.619324386119842529e+00
-2.378765583038330078e+00
5.972571372985839844e-01
-1.981309533119201660e+00
-2.261707961559295654e+00
-2.619325160980224609e+00
-2.661993503570556641e+00
-2.159350156784057617e+00
-1.018771171569824219e+00
-6.639591455459594727e-01
-2.913338780403137207e+00
-4.308962821960449219e-02
-1.939954698085784912e+00
5.276951789855957031e-01
-1.517707824707031250e+00
-5.710606575012207031e-01
-1.649998843669891357e+00
-2.395496189594268799e+00
-1.636286258697509766e+00
-1.055307388305664062e+00
-2.019373893737792969e+00
-7.821679115295410156e-01
4.841260910034179688e-01
9.289956092834472656e-02
-2.480536758899688721e+00
-4.429221153259277344e-03
5.075535774230957031e-01
-1.474215865135192871e+00
-2.580005109310150146e+00
-1.837035477161407471e+00
-1.167731285095214844e-01
-8.108839988708496094e-01
1.086414337158203125e+00
1.092472076416015625e-01
-2.565713644027709961e+00
-1.713675498962402344e+00
-3.779163360595703125e-01
-1.811264038085937500e+00
-1.612881183624267578e+00
-1.080795288085937500e+00
-6.962674856185913086e-01
4.129672050476074219e-01
-1.907007038593292236e+00
-1.261607885360717773e+00
-1.726936221122741699e+00
-1.648948907852172852e+00
-1.723641157150268555e+00
-1.059700489044189453e+00
-2.760473012924194336e+00
-1.599384069442749023e+00
-9.371361732482910156e-01
-1.521706581115722656e+00
5.144779682159423828e-01
-1.542337656021118164e+00
-1.323888182640075684e+00
-2.895940542221069336e+00
-2.170531868934631348e+00
-1.580812811851501465e+00
-1.662076115608215332e+00
-6.065797805786132812e-02
-1.970921754837036133e+00
-2.540066719055175781e+00
-5.271712541580200195e-01
-2.520349383354187012e+00
-1.694766044616699219e+00
3.049232959747314453e-01
-1.521707057952880859e+00
-2.055463075637817383e+00
-9.888892173767089844e-01
-4.812979698181152344e-02
-1.900842189788818359e-01
-3.190651237964630127e+00
-3.990347385406494141e-01
-9.981966018676757812e-01
-2.358414888381958008e+00
-1.644575953483581543e+00
-2.502947568893432617e+00
1.288275599479675293e+00
-3.755198597908020020e+00
-1.184599995613098145e+00
-2.251454591751098633e+00
9.832608699798583984e-02
-1.886980772018432617e+00
-2.691955119371414185e+00
-3.236524641513824463e+00
5.326986312866210938e-02
-3.651056289672851562e-01
-1.061738610267639160e+00
-2.491864800453186035e+00
-9.963998794555664062e-01
-1.348338365554809570e+00
-2.665807962417602539e+00
-1.176550149917602539e+00
-1.882267653942108154e+00
-1.650720477104187012e+00
-1.131299376487731934e+00
-2.791690289974212646e+00
-1.104605674743652344e+00
-2.156367063522338867e+00
-6.878454685211181641e-01
-5.773940086364746094e-01
-1.870794415473937988e+00
-7.904989719390869141e-01
-2.368547439575195312e+00
-6.543451547622680664e-01
-1.356733322143554688e+00
-4.018020629882812500e-02
-1.572412252426147461e+00
2.555320262908935547e-01
-2.188275456428527832e+00
-2.525377690792083740e+00
-1.195501565933227539e+00
-6.681311130523681641e-01
-1.337923049926757812e+00
-1.686242103576660156e+00
-1.464547038078308105e+00
-2.905274629592895508e+00
-2.734250605106353760e+00
-2.284505367279052734e-01
-7.680598497390747070e-01
-1.263284921646118164e+00
-5.581340789794921875e-01
-2.833715319633483887e+00
-1.657886385917663574e+00
1.918529272079467773e-01
-1.429402351379394531e+00
-1.048392534255981445e+00
-9.715385437011718750e-01
-9.525512456893920898e-01
-1.687356233596801758e+00
-1.754029512405395508e+00
-9.983847141265869141e-01
-1.734270632266998291e+00
1.368987560272216797e-01
-9.338095188140869141e-01
-1.335443735122680664e+00
8.711910247802734375e-02
3.511581420898437500e-01
-1.321389555931091309e+00
-2.501388549804687500e+00
-2.477713525295257568e+00
-5.448257923126220703e-01
-2.291607350111007690e+00
-4.912260770797729492e-01
-2.863876044750213623e+00
-1.851299762725830078e+00
-1.959732651710510254e+00
-4.957182407379150391e-01
-5.739538669586181641e-01
-2.223517656326293945e+00
-1.620368957519531250e+00
-2.399946808815002441e+00
1.018872261047363281e-01
-2.244070053100585938e+00
-1.343822121620178223e+00
-9.494700431823730469e-01
-1.638832569122314453e+00
-1.944342613220214844e+00
-2.052997946739196777e+00
-1.069838047027587891e+00
-1.253834009170532227e+00
-8.747618198394775391e-01
-2.441860675811767578e+00
-2.091109395027160645e+00
1.413631439208984375e-01
1.069761037826538086e+00
-2.725242495536804199e+00
-1.455719649791717529e+00
-2.485834121704101562e+00
-5.523039102554321289e-01
-1.182768821716308594e+00
-3.080283582210540771e+00
6.444773674011230469e-01
-2.192560911178588867e+00
-1.985937833786010742e+00
-2.573273658752441406e+00
-5.504676103591918945e-01
-2.068775057792663574e+00
-2.052590966224670410e+00
-2.368613243103027344e+00
-1.982997477054595947e+00
-6.054110527038574219e-01
-1.751778841018676758e+00
-2.323322415351867676e+00
-3.034729003906250000e+00
-9.010201692581176758e-01
-1.635296165943145752e+00
-1.930914402008056641e+00
-1.340607881546020508e+00
-8.199167251586914062e-01
-2.397854208946228027e+00
-2.303919553756713867e+00
-1.540343999862670898e+00
-2.284412384033203125e-01
-2.981399059295654297e+00
-2.487437605857849121e+00
-1.869147539138793945e+00
-9.929632544517517090e-01
-1.268231630325317383e+00
-1.589950561523437500e+00
-2.229578018188476562e+00
-1.296388387680053711e+00
-1.234810829162597656e+00
-1.044963121414184570e+00
-1.752121686935424805e+00
-1.085696220397949219e-01
-8.799204826354980469e-01
-2.047687768936157227e+00
-5.081219673156738281e-01
6.587841510772705078e-01
-6.638071537017822266e-01
-8.622407913208007812e-03
-2.735200047492980957e+00
-2.041376352310180664e+00
-1.546683788299560547e+00
-2.349326968193054199e+00
-1.141743183135986328e+00
-2.694756150245666504e+00
-1.672105550765991211e+00
-5.858163833618164062e-01
-2.029399216175079346e+00
-1.236933469772338867e+00
-4.993631839752197266e-01
-1.817220330238342285e+00
-1.832819461822509766e+00
-2.437453627586364746e+00
-1.044699668884277344e+00
-9.927642941474914551e-01
-6.403536796569824219e-01
-1.599303901195526123e+00
-2.604350566864013672e+00
-1.050079345703125000e+00
5.014793872833251953e-01
-2.431852817535400391e-01
-2.473182797431945801e+00
-2.065601348876953125e+00
-3.376054763793945312e-01
-2.474165201187133789e+00
-5.827822685241699219e-01
-2.698587179183959961e-01
-1.792104721069335938e+00
-2.035797655582427979e+00
-1.359982490539550781e+00
8.545064926147460938e-02
1.122007369995117188e-01
-1.635889530181884766e+00
-1.848422408103942871e+00
-1.661039590835571289e+00
-8.296015262603759766e-01
-1.480598449707031250e+00
-2.196059644222259521e+00
-1.103764533996582031e+00
-2.224935233592987061e+00
-1.588070034980773926e+00
-4.867105484008789062e-01
-1.636904478073120117e+00
-1.227381229400634766e-01
-1.804694712162017822e+00
-6.639072895050048828e-01
1.074376106262207031e+00
6.576862335205078125e-01
-3.974790573120117188e-01
-1.147365570068359375e+00
-1.411310672760009766e+00
-2.592833876609802246e+00
-2.313167095184326172e+00
-4.362313747406005859e-01
-9.577610492706298828e-01
-6.397936344146728516e-01
-2.201994180679321289e+00
-1.480146884918212891e+00
-5.849440097808837891e-01
-1.783591032028198242e+00
-2.744973123073577881e+00
-2.064466655254364014e+00
5.174016952514648438e-02
-1.761138916015625000e+00
-1.892617225646972656e+00
-1.943057417869567871e+00
-1.774127006530761719e+00
3.000111579895019531e-01
-1.822044432163238525e+00
-1.428110361099243164e+00
-2.055736541748046875e+00
-1.377097785472869873e+00
1.771402359008789062e-02
-1.747059822082519531e-01
2.432488203048706055e-01
6.269943714141845703e-01
-1.783525705337524414e+00
4.855515956878662109e-01
-1.450789451599121094e+00
-8.782336711883544922e-01
-2.344803094863891602e+00
-5.303301811218261719e-01
-2.164978981018066406e+00
-8.479940891265869141e-01
-1.721537113189697266e+00
-3.255024433135986328e+00
-1.084611177444458008e+00
-1.903640508651733398e+00
-1.257666587829589844e+00
-3.867940902709960938e-01
-2.110466718673706055e+00
-2.353190183639526367e+00
-1.885461807250976562e+00
-6.597484350204467773e-01
1.798639297485351562e+00
1.262238979339599609e+00
-2.718841254711151123e+00
-2.573042869567871094e+00
-5.856006145477294922e-01
-1.225320339202880859e+00
3.866500854492187500e-01
-1.714573502540588379e+00
-2.326006174087524414e+00
-2.393776774406433105e+00
-1.365354537963867188e+00
1.468702077865600586e+00
-2.826573371887207031e+00
-1.832927703857421875e+00
-1.805728793144226074e+00
-7.036938667297363281e-01
-1.812038421630859375e-01
-9.399197101593017578e-01
-8.879661560058593750e-03
-7.960762977600097656e-01
-2.038568258285522461e+00
-2.106119334697723389e+00
-6.296935081481933594e-01
-5.792043209075927734e-01
-2.801938533782958984e+00
-5.528719425201416016e-01
-2.558922290802001953e+00
-1.484876394271850586e+00
-2.100509166717529297e+00
-9.287190437316894531e-01
-1.262277841567993164e+00
-1.068301439285278320e+00
-1.403790950775146484e+00
-3.986852169036865234e-01
-7.388072013854980469e-01
-1.487113714218139648e+00
-6.692297458648681641e-01
-8.660316467285156250e-03
-1.083348512649536133e+00
-2.368725538253784180e+00
-1.380683422088623047e+00
-2.409482479095458984e+00
-1.102222919464111328e+00
-6.433458328247070312e-01
-1.278555512428283691e+00
-1.445545196533203125e+00
-1.263952493667602539e+00
-1.702297687530517578e+00
-2.503322482109069824e+00
-5.006694793701171875e-01
-3.809266090393066406e-01
-1.617937088012695312e-01
-1.223217248916625977e+00
1.174353122711181641e+00
-1.864595532417297363e+00
-7.681266069412231445e-01
-1.660198926925659180e+00
-4.637343883514404297e-01
-9.151387214660644531e-01
-3.119753420352935791e+00
1.243917942047119141e-01
-1.847481012344360352e+00
-1.833679318428039551e+00
-2.180500507354736328e+00
-5.152757167816162109e-01
-1.811024188995361328e+00
-6.618816852569580078e-01
-3.167906284332275391e+00
1.548672914505004883e+00
-1.718091726303100586e+00
-1.768851041793823242e+00
-1.395239114761352539e+00
-1.242983937263488770e+00
-1.238635540008544922e+00
-2.920822799205780029e+00
-6.654183864593505859e-01
1.609437227249145508e+00
-5.541708469390869141e-01
-1.436890363693237305e+00
-3.510195493698120117e+00
-9.097627401351928711e-01
1.531651139259338379e+00
-1.619417905807495117e+00
-5.118134021759033203e-01
-3.006951212882995605e+00
-1.757405042648315430e+00
-7.998958826065063477e-01
-2.808496236801147461e+00
-5.205688476562500000e-01
-3.014032781124114990e+00
-1.540299415588378906e+00
-1.623982429504394531e+00
-1.630010366439819336e+00
-6.720020771026611328e-01
-1.527867317199707031e+00
7.209591865539550781e-01
-7.531566619873046875e-01
-1.442412853240966797e+00
-1.528040409088134766e+00
-4.958572387695312500e-01
-1.350018739700317383e+00
-1.213623464107513428e+00
7.673614025115966797e-01
-2.970528304576873779e+00
-2.796382904052734375e+00
-2.172608494758605957e+00
-1.078502893447875977e+00
-1.364882886409759521e+00
-1.550630092620849609e+00
3.196696043014526367e-01
-1.245095252990722656e+00
-1.595376372337341309e+00
-2.357544541358947754e+00
-2.369708299636840820e+00
-1.218464851379394531e+00
-1.562629222869873047e+00
-1.618270516395568848e+00
-1.936799526214599609e+00
-5.523722171783447266e-01
-9.416573047637939453e-01
-1.156920075416564941e+00
-1.271194756031036377e+00
-9.280309677124023438e-01
-2.581209778785705566e+00
-3.332976698875427246e+00
-3.119761943817138672e-01
-6.858441829681396484e-01
-1.476206779479980469e+00
-6.396858692169189453e-01
-1.850077867507934570e+00
-9.082882404327392578e-01
-2.534253597259521484e-01
-6.320501565933227539e-01
-2.272635936737060547e+00
-1.538894236087799072e+00
-5.150082111358642578e-01
-1.713592052459716797e+00
8.504807949066162109e-01
2.278120517730712891e-01
-7.465811967849731445e-01
-9.746203422546386719e-01
-2.014206975698471069e+00
-1.225877642631530762e+00
-1.198805689811706543e+00
-3.142163634300231934e+00
-1.685064792633056641e+00
-1.711498260498046875e+00
-2.960037589073181152e+00
1.511799216270446777e+00
-1.020768880844116211e+00
8.026297092437744141e-01
-8.344583511352539062e-01
-1.315107583999633789e+00
5.603885650634765625e-01
-1.471479117870330811e+00
-3.366782665252685547e-01
-2.125388026237487793e+00
-1.268998861312866211e+00
8.091574907302856445e-01
-7.368971109390258789e-01
-8.553798198699951172e-01
-3.109583303332328796e+00
-9.880549907684326172e-01
-1.574382901191711426e+00
-2.542518615722656250e+00
-7.004826068878173828e-01
-1.556759595870971680e+00
-1.399054050445556641e+00
2.395191192626953125e-01
2.023092269897460938e+00
-5.363707542419433594e-01
-9.496519565582275391e-01
1.469523906707763672e-01
-2.522212445735931396e+00
-1.086132526397705078e+00
-2.608193516731262207e+00
-2.378421306610107422e+00
-5.232214927673339844e-02
3.695583343505859375e-01
-1.792734384536743164e+00
-1.500029087066650391e+00
-2.975933551788330078e-01
-5.862228870391845703e-01
-2.040286302566528320e+00
3.876447677612304688e-03
-2.311949133872985840e+00
-2.520122587680816650e+00
-1.095311880111694336e+00
-2.784366786479949951e+00
-2.737960815429687500e+00
-3.356654644012451172e-01
-5.222744941711425781e-01
-1.424838542938232422e+00
-3.240010857582092285e+00
-1.498320579528808594e+00
-1.355612158775329590e+00
-1.331725120544433594e-01
-2.310017108917236328e+00
-1.479941844940185547e+00
-9.080611467361450195e-01
-1.930801868438720703e+00
6.561083793640136719e-01
-1.386326313018798828e+00
-2.382645606994628906e-01
-2.115211009979248047e+00
-1.535926043987274170e+00
-2.053663849830627441e+00
-1.303323507308959961e+00
-1.545763492584228516e+00
-6.051011085510253906e-01
-1.057722568511962891e+00
-3.181210994720458984e+00
-7.205667495727539062e-01
-1.370291352272033691e+00
-1.185438632965087891e+00
-1.858757138252258301e+00
-1.429655671119689941e+00
-5.319430828094482422e-01
-1.467456161975860596e+00
-1.914124488830566406e+00
-1.009574651718139648e+00
-2.046260118484497070e+00
5.730323791503906250e-01
-2.076756954193115234e+00
-2.019193291664123535e+00
-6.675682067871093750e-01
-8.277267813682556152e-01
2.050604820251464844e-01
5.660399198532104492e-01
-9.189864397048950195e-01
-3.144668936729431152e+00
-4.103345870971679688e-01
-2.761152267456054688e+00
-2.439216911792755127e+00
-1.818489193916320801e+00
-1.264448404312133789e+00
-2.206108570098876953e+00
-5.022485256195068359e-01
-1.047452926635742188e+00
-1.554749369621276855e+00
-4.540123939514160156e-01
-1.127232372760772705e+00
-5.535478591918945312e-01
-9.044644832611083984e-01
-1.610267162322998047e+00
-6.077251434326171875e-01
-9.847900271415710449e-01
1.567134857177734375e-01
-5.913753509521484375e-01
-3.656105995178222656e-01
-1.408930778503417969e+00
-1.754714667797088623e+00
-1.481473445892333984e+00
-1.318432092666625977e+00
-8.163791894912719727e-01
-2.356025338172912598e+00
-3.007216215133666992e+00
