2.418751475843811605e+01
1.972967791960433814e+01
5.046673681175818160e+01
6.210829916475451995e+01
5.540576613251025151e+01
4.606961099542667171e+01
7.010868593879342825e+01
6.208170721852160767e+01
7.400176675258578030e+01
4.605235524883508447e+01
5.188570647606260877e+01
3.780322821135506217e+01
5.409480765086183851e+01
6.632760103181367128e+01
5.825063357294273914e+01
6.960773450861344713e+01
4.983159973203861171e+01
6.635712422195341276e+01
5.848610327704673750e+01
5.880790182077380734e+01
5.935903058138113408e+01
8.419749624842333446e+01
7.006544793402603943e+01
6.448289337595045367e+01
6.259777869596455702e+01
5.898344854964038575e+01
6.733211665442169647e+01
6.716088309236448595e+01
5.915197197783117389e+01
6.649313800794205065e+01
6.554201388370125869e+01
6.712994058024916910e+01
5.987575913120275573e+01
7.224281037513509318e+01
6.504198208342469911e+01
7.508316295189617051e+01
6.973179807453303169e+01
6.435257952228896272e+01
6.353639548177640251e+01
6.959878859137661777e+01
7.418402141664829230e+01
6.609767193739739355e+01
6.828960947275191984e+01
6.513620419216353241e+01
6.064876594047395741e+01
6.889526329911565483e+01
6.364895522192473010e+01
6.251616364740132070e+01
6.938718593091630282e+01
6.869697645074391801e+01
6.045025616967016191e+01
7.305509718393649621e+01
6.488369672483250383e+01
6.525948160730813186e+01
5.997696253908846842e+01
6.542141241504765503e+01
6.577409557101793780e+01
6.166679722035345179e+01
5.914845262275397886e+01
6.126493944137774861e+01
6.448230943425262751e+01
6.457310340118114311e+01
6.963364386259659966e+01
6.824427711967409493e+01
6.365549735932395947e+01
6.693037967749712891e+01
6.106067537511584931e+01
7.209031522315089546e+01
5.633233538891411740e+01
6.503426808755286004e+01
6.542254923760850716e+01
6.577188837497438101e+01
6.226474638167798048e+01
5.934909404237837549e+01
5.585622453792899478e+01
6.369260056971418749e+01
6.103118344137986639e+01
5.274510517634547568e+01
5.403451077805170399e+01
5.203617039257383681e+01
3.467728182864513542e+01
4.727385336462432974e+01
3.464766193690937968e+01
5.268574807188205256e+01
6.788958212830759464e+01
4.910357879269291459e+01
5.963024488901144338e+01
3.177669055988546987e+00
3.781565141779191208e+01
5.918964709286279913e+01
3.601480670380598070e+01
3.589577506292476983e+01
5.078668509873357095e+01
6.315579959732496862e-01
5.195347151964003274e+01
2.742983829399295104e+01
2.575116409741887935e+01
3.668965524479298068e+01
8.531557835543803758e-01
3.459675440466156715e+01
