-5.606649499999999620e+01
-5.783061940000000334e+01
-5.488034549999999712e+01
-5.241525614999999050e+01
-5.335705105000000970e+01
-5.754639345000000361e+01
-1.190535589999999821e+01
-2.217523360000000210e+01
-3.764805270000000093e+01
-4.643339905000000556e+01
-4.622912175000000445e+01
-4.437332974999999635e+01
-2.873768905000000018e+01
-3.580226829999999438e+01
-4.539567469999999361e+01
-1.103834544999999956e+01
-2.071939219999999793e+01
-3.719727950000002004e+00
-3.386992120000000028e+01
-8.442047999999999774e+00
-1.908767110000000145e+01
1.457858509999999796e+01
1.725390069999999554e+01
-3.613403914999999955e+01
-8.127836600000000189e+00
-2.919555849999999708e+01
1.695284299999999522e+00
-2.984033640000000531e+01
-3.229168349999999776e+01
1.631336315000000070e+01
1.591318954999999846e+01
-1.519156140000000121e+01
-5.313257199999999791e+00
7.483904300000000731e+00
-6.010239749999999326e+00
3.789337100000000902e+00
1.446820905000000224e+01
1.187376730000000258e+01
5.696079499999997964e+00
1.037668915000000069e+01
-1.090353194999999964e+01
7.705920699999998291e+00
1.492567835000000187e+01
1.389075815000000169e+01
7.930731899999999612e+00
1.421982755000000154e+01
1.410164304999999807e+01
3.846170839999999913e+01
2.509322494999999620e+01
2.507266890000000359e+01
1.338767225000000316e+01
2.971058499999997826e-01
1.759428045000000296e+01
2.860691805000000087e+01
5.930864460000000093e+01
3.226159030000000882e+01
3.306301954999999992e+01
5.147471339999999884e+01
9.072852500000001541e+00
3.645522790000000413e+01
3.278608140000000049e+01
4.081352180000000374e+01
2.289635870000000040e+01
2.466205934999999982e+01
2.519662974999999605e+01
3.746671145000000536e+01
5.794556634999999289e+01
3.533598535000000140e+01
6.698770059999999660e+01
5.333465109999999498e+01
3.874139890000000008e+01
4.944993215000000220e+01
3.447813735000001145e+01
5.302462554999999611e+01
5.612828274999999678e+01
3.625305545000000507e+01
5.850305314999999240e+01
6.620686315000000377e+01
6.778155234999999834e+01
7.254963575000000731e+01
8.748165155000000937e+01
7.474328549999998472e+01
8.763489654999997924e+01
6.961502840000001413e+01
4.412668409999999852e+01
7.290715575000000115e+01
5.484044120000000788e+01
9.822584904999999367e+01
8.667996919999998795e+01
6.003690745000000106e+01
8.754279495000000111e+01
8.723879679999998871e+01
7.010527274999999747e+01
9.952966655000000173e+01
7.392868734999998992e+01
9.285068119999999681e+01
9.363313080000000355e+01
8.590371975000000759e+01
9.965263124999998468e+01
8.804882895000000076e+01
